3.785923123359680176e-02
-1.942816376686096191e-02
-4.499652236700057983e-02
-4.181897267699241638e-02
2.945707924664020538e-02
8.329028263688087463e-03
5.893940851092338562e-02
-9.988931939005851746e-03
5.907075852155685425e-02
-7.348827086389064789e-03
5.203921347856521606e-02
1.064990367740392685e-02
-2.209771052002906799e-02
-1.963805407285690308e-02
5.121653154492378235e-02
1.940552145242691040e-02
6.460321694612503052e-02
-9.198531508445739746e-03
-4.539088904857635498e-02
4.764525592327117920e-02
1.191041525453329086e-02
-2.485067397356033325e-02
4.518003761768341064e-02
1.842494867742061615e-02
-8.170570246875286102e-03
-4.354397766292095184e-03
-2.839580737054347992e-02
4.920404404401779175e-02
4.144932702183723450e-02
-2.284730318933725357e-03
-3.139940649271011353e-02
6.587783247232437134e-02
-6.784187629818916321e-03
-1.992066949605941772e-02
4.969845525920391083e-03
1.108583342283964157e-02
1.429823599755764008e-02
4.078085348010063171e-02
-6.925866007804870605e-02
5.519482120871543884e-02
8.105251193046569824e-02
1.609910861589014530e-03
4.480358585715293884e-02
9.106102585792541504e-02
7.503307610750198364e-02
-5.914482474327087402e-02
-2.850890532135963440e-02
4.116971790790557861e-02
-4.704338312149047852e-02
1.049737818539142609e-02
-5.273128394037485123e-03
-5.603335052728652954e-02
-1.542278192937374115e-02
-6.841963157057762146e-03
3.577037481591105461e-03
-6.498172879219055176e-02
-3.556517511606216431e-02
7.269985973834991455e-02
-4.886338487267494202e-02
1.178516261279582977e-02
3.657338768243789673e-02
2.909282408654689789e-02
-7.905218750238418579e-02
9.582154452800750732e-03
3.115038201212882996e-02
-5.914908647537231445e-02
-4.232867807149887085e-02
-3.785006701946258545e-02
5.720595829188823700e-03
4.949047788977622986e-02
-5.383783951401710510e-02
-1.122159697115421295e-02
-2.191661298274993896e-02
-7.709788531064987183e-02
4.325086623430252075e-02
-2.087664790451526642e-02
-3.518039733171463013e-02
-3.899560123682022095e-02
8.443555235862731934e-02
2.865121886134147644e-02
-2.757680788636207581e-02
-8.652557618916034698e-03
-6.817210465669631958e-02
-6.141872704029083252e-02
4.449972137808799744e-02
1.424426306039094925e-02
-2.174693718552589417e-02
-2.974481321871280670e-02
2.802561037242412567e-02
-8.840952068567276001e-03
-7.284508645534515381e-02
-7.440143078565597534e-02
-6.770553439855575562e-02
2.391423285007476807e-02
1.178768742829561234e-02
1.725667901337146759e-02
-1.793579570949077606e-02
-7.810526527464389801e-03
-4.176512360572814941e-03
-3.008085675537586212e-02
2.007617428898811340e-02
-1.495533622801303864e-02
-1.321132201701402664e-02
-1.990955322980880737e-02
-1.079254597425460815e-02
-8.265651762485504150e-03
3.525353595614433289e-02
-2.085057785734534264e-03
-2.684815973043441772e-02
-3.759631514549255371e-02
-1.110070571303367615e-02
-1.334110088646411896e-02
4.134109988808631897e-02
3.081163391470909119e-02
6.489574164152145386e-02
-1.034275442361831665e-02
-9.158048033714294434e-02
7.545325439423322678e-03
3.661425411701202393e-02
-3.615714237093925476e-02
5.408117920160293579e-02
6.670010834932327271e-02
-4.671044647693634033e-02
2.417034097015857697e-02
7.671018689870834351e-02
4.632654413580894470e-02
3.528020158410072327e-02
-2.684209123253822327e-02
-1.379349362105131149e-02
-2.293544635176658630e-02
-4.528583213686943054e-02
-7.303522899746894836e-03
3.075668402016162872e-02
-2.576217986643314362e-02
-7.395777106285095215e-02
-1.560457516461610794e-02
1.651572249829769135e-02
1.612471975386142731e-02
-2.516239322721958160e-02
-1.312322765588760376e-01
-2.658038400113582611e-02
4.931471869349479675e-02
1.459719892591238022e-02
4.385780543088912964e-02
1.472623087465763092e-02
1.214072387665510178e-02
-4.044744372367858887e-02
2.340303733944892883e-02
-5.132637917995452881e-02
3.307710215449333191e-02
-2.679926343262195587e-02
2.336248382925987244e-02
1.482568494975566864e-02
-5.653877183794975281e-02
-1.978163793683052063e-02
-6.249554827809333801e-02
6.101233139634132385e-02
-1.739913411438465118e-02
2.892324514687061310e-02
-1.185817085206508636e-02
4.938192665576934814e-02
8.128361403942108154e-02
2.137118205428123474e-02
-2.217933721840381622e-02
1.415054546669125557e-03
-4.641788825392723083e-02
1.444596238434314728e-02
-4.864425212144851685e-02
-1.544484496116638184e-02
-5.672087520360946655e-02
-5.875006318092346191e-02
6.221143528819084167e-02
5.317036435008049011e-02
2.453843317925930023e-02
-6.923846900463104248e-02
-1.094956696033477783e-02
-5.732648447155952454e-02
1.209461409598588943e-02
1.064116805791854858e-01
-4.171940311789512634e-02
-1.972811296582221985e-02
1.499784179031848907e-02
-5.179332941770553589e-02
-4.701859876513481140e-02
-3.858247771859169006e-02
1.542996987700462341e-02
-3.517274931073188782e-02
8.302544057369232178e-02
-3.373966552317142487e-03
1.543542649596929550e-02
-2.276046760380268097e-02
-8.225257694721221924e-02
9.616396389901638031e-03
-7.988300174474716187e-02
3.820350393652915955e-03
-1.479893643409013748e-02
7.754400372505187988e-02
2.191367186605930328e-02
-3.227688744664192200e-02
3.639786317944526672e-02
5.378485471010208130e-02
-4.817528650164604187e-02
2.677173912525177002e-02
4.149949178099632263e-02
2.984888106584548950e-02
3.897774592041969299e-02
-4.570908844470977783e-02
-4.539365693926811218e-02
5.086455121636390686e-02
-5.307503510266542435e-03
2.906186506152153015e-03
9.444291144609451294e-02
-1.024104095995426178e-02
-6.939029693603515625e-02
-1.840853504836559296e-02
6.949695199728012085e-02
6.514632608741521835e-03
-3.033329918980598450e-02
4.674968495965003967e-02
-5.573609843850135803e-02
-3.234565258026123047e-02
-6.089054420590400696e-02
-5.797916674055159092e-04
4.440721124410629272e-03
-1.669176295399665833e-02
2.557079074904322624e-03
-6.959059834480285645e-02
3.461137786507606506e-02
-8.178161084651947021e-02
-2.121467515826225281e-02
-3.630919009447097778e-02
6.500879302620887756e-03
-3.147348761558532715e-02
3.987556789070367813e-03
-3.203295543789863586e-02
1.042910013347864151e-02
-2.075359225273132324e-02
1.839344576001167297e-02
-1.428863219916820526e-02
4.182491824030876160e-02
1.141723431646823883e-02
-1.559396740049123764e-02
1.379554439336061478e-02
-8.706445805728435516e-03
-4.223190713673830032e-03
1.471719704568386078e-02
-9.527687914669513702e-03
1.108218170702457428e-02
1.817415468394756317e-02
1.497533870860934258e-03
-5.619857087731361389e-02
-3.635466331616044044e-03
-3.828965499997138977e-02
2.627327665686607361e-02
4.894901998341083527e-03
-2.079942263662815094e-02
3.416593372821807861e-02
5.241466313600540161e-02
-9.856861084699630737e-02
-6.118725985288619995e-02
2.157984301447868347e-02
-5.349921062588691711e-02
-5.255457945168018341e-03
2.990475296974182129e-02
6.731367111206054688e-02
1.288620382547378540e-02
4.213513433933258057e-02
-3.793296217918395996e-02
-6.631527096033096313e-02
-1.287889759987592697e-02
-2.367543801665306091e-02
-6.820133887231349945e-03
-2.306643500924110413e-02
3.576506674289703369e-02
1.827058754861354828e-02
-8.098322898149490356e-02
1.691686920821666718e-02
-3.810282796621322632e-02
-3.133371501462534070e-05
8.829391747713088989e-02
3.328074887394905090e-02
1.320781558752059937e-02
-1.025865669362246990e-03
-4.692678526043891907e-02
-2.335926517844200134e-02
-1.769522204995155334e-02
-1.047156658023595810e-02
9.361326694488525391e-02
-3.112921025604009628e-03
-1.014882549643516541e-01
1.105982158333063126e-02
-1.356485765427350998e-02
1.392701081931591034e-02
-6.202972307801246643e-02
-2.459569089114665985e-02
1.400851365178823471e-02
-1.784697361290454865e-02
-3.748057037591934204e-02
3.094390965998172760e-02
4.140211269259452820e-02
2.347831055521965027e-02
2.393836714327335358e-02
3.088344633579254150e-02
-6.304186582565307617e-02
9.024370461702346802e-02
-7.084982097148895264e-02
-1.505684666335582733e-02
-2.696821652352809906e-02
1.102216262370347977e-02
3.352196142077445984e-02
-1.274201087653636932e-02
-3.171631321310997009e-02
1.348874159157276154e-02
-7.730506360530853271e-03
-3.864616528153419495e-02
-3.526279330253601074e-02
3.451094776391983032e-02
-1.483365055173635483e-02
-2.720927633345127106e-02
2.358078025281429291e-03
5.840107332915067673e-03
-2.336508966982364655e-02
6.942790746688842773e-02
2.764993160963058472e-02
-2.600065199658274651e-03
-2.839928679168224335e-02
3.547696769237518311e-02
-2.218064852058887482e-02
-2.372044324874877930e-02
3.280705958604812622e-02
-1.789206266403198242e-02
-1.177870575338602066e-02
1.661753095686435699e-02
-4.547601938247680664e-02
5.851216986775398254e-02
3.064876608550548553e-02
-1.878233999013900757e-02
2.483682334423065186e-02
-2.101552486419677734e-02
-1.021305751055479050e-02
1.588831841945648193e-02
2.067948691546916962e-02
2.366154640913009644e-02
-1.485900115221738815e-02
-7.599031925201416016e-02
-7.582285907119512558e-03
-4.178660735487937927e-02
-7.653896510601043701e-02
-8.956897072494029999e-03
4.765957221388816833e-02
9.389561600983142853e-03
1.612474210560321808e-02
-2.910251170396804810e-02
2.257534116506576538e-02
-2.157502248883247375e-02
6.661258637905120850e-02
3.627350926399230957e-02
5.710477754473686218e-02
5.359456688165664673e-02
-8.245110511779785156e-03
2.525797672569751740e-02
1.845817640423774719e-02
3.994838334619998932e-03
3.809641674160957336e-02
3.221232071518898010e-02
-3.374459594488143921e-02
8.285034447908401489e-02
7.040157914161682129e-02
-1.197230629622936249e-02
-1.770441536791622639e-03
6.361123919486999512e-02
9.964246302843093872e-02
1.087721902877092361e-02
3.815953433513641357e-02
4.400908201932907104e-02
2.446151152253150940e-02
-3.422386245802044868e-03
-5.776438489556312561e-02
-4.146315529942512512e-02
-5.439715087413787842e-02
-4.437492042779922485e-02
-1.466393377631902695e-02
-5.585572682321071625e-03
-3.970199078321456909e-02
3.893905133008956909e-02
-5.344290658831596375e-02
-3.210575319826602936e-03
-7.288839668035507202e-02
-3.731996566057205200e-02
3.170106559991836548e-02
3.061231411993503571e-02
-3.439707309007644653e-02
2.508805133402347565e-02
6.605885457247495651e-03
8.437799289822578430e-03
3.422378376126289368e-02
-8.286722935736179352e-03
3.052300587296485901e-02
2.520351111888885498e-02
5.675693228840827942e-02
7.305933535099029541e-02
3.557172417640686035e-02
-4.623831808567047119e-02
8.971918374300003052e-03
8.201279677450656891e-03
-1.310034375637769699e-02
5.377925559878349304e-02
-1.378908380866050720e-02
-3.213825076818466187e-02
-3.998085111379623413e-02
-2.797114849090576172e-02
2.917834930121898651e-02
-4.360792040824890137e-02
3.118839487433433533e-02
-1.828457228839397430e-02
3.414953500032424927e-02
1.025487389415502548e-02
-3.147103637456893921e-02
4.781827796250581741e-03
-1.590559259057044983e-02
4.168363288044929504e-02
-3.258590586483478546e-03
-3.552083671092987061e-02
-8.487968146800994873e-02
-7.573228329420089722e-03
-2.303638961166143417e-03
3.495877236127853394e-02
3.368458524346351624e-02
4.941535741090774536e-02
-2.285576798021793365e-02
3.680555894970893860e-02
2.605254948139190674e-02
1.121335476636886597e-01
-3.721152245998382568e-02
-9.462404064834117889e-03
-6.056205555796623230e-02
-8.470231294631958008e-02
-2.451055869460105896e-02
-3.867819532752037048e-02
2.179609797894954681e-02
-1.963264495134353638e-02
-1.566840149462223053e-02
7.313841581344604492e-02
-4.607555642724037170e-02
-7.280917838215827942e-03
5.681739654392004013e-03
-1.718983054161071777e-02
4.180668294429779053e-02
-3.832687437534332275e-02
-1.516343653202056885e-02
5.837355181574821472e-02
1.531701534986495972e-02
4.736054316163063049e-02
5.224514380097389221e-02
1.296823099255561829e-02
4.056846373714506626e-04
-1.286946982145309448e-02
-8.647151291370391846e-03
9.459473192691802979e-02
2.584394812583923340e-02
-2.543351985514163971e-02
-5.676463618874549866e-02
-1.753294095396995544e-02
-5.571641400456428528e-02
-9.583728387951850891e-03
5.812405422329902649e-02
3.567301481962203979e-02
4.142079129815101624e-02
3.156001120805740356e-02
-1.978344656527042389e-02
-3.227405250072479248e-03
2.583971805870532990e-02
3.288266807794570923e-02
3.411747515201568604e-02
-2.502130530774593353e-02
-6.122944876551628113e-02
-3.379587829113006592e-02
4.005238413810729980e-02
-8.308481425046920776e-02
1.740420609712600708e-02
-2.551063708961009979e-02
-1.059037446975708008e-02
-2.494532242417335510e-02
-1.272917911410331726e-02
-3.126917406916618347e-02
1.080416142940521240e-02
2.131882309913635254e-02
-1.597818103618919849e-03
-3.281169012188911438e-02
9.753064066171646118e-02
-4.139038175344467163e-02
5.102394521236419678e-02
4.034944251179695129e-02
4.915421456098556519e-02
-3.830387443304061890e-02
4.556541517376899719e-02
1.191448792815208435e-02
6.826624274253845215e-03
-1.279409043490886688e-02
-2.560688182711601257e-03
-2.548191510140895844e-02
-3.660812601447105408e-02
3.332170099020004272e-02
3.168126195669174194e-02
-2.814957697410136461e-04
-1.056304201483726501e-02
3.059503622353076935e-02
-5.431485921144485474e-02
-1.181617565453052521e-02
-5.803859606385231018e-02
1.543692895211279392e-03
-7.740283617749810219e-04
-2.258840762078762054e-02
3.726236522197723389e-02
-8.565388270653784275e-05
3.212046995759010315e-02
1.552253030240535736e-02
-5.982961505651473999e-03
-3.499592840671539307e-02
5.719799082726240158e-03
1.296764519065618515e-02
-3.118564200121909380e-04
2.659541554749011993e-02
-2.441921457648277283e-02
5.529126618057489395e-03
-2.984732575714588165e-02
6.389901041984558105e-02
6.811032444238662720e-02
9.797867387533187866e-03
-1.564810611307621002e-02
-4.818510264158248901e-02
2.387800253927707672e-03
2.080362476408481598e-02
1.831744611263275146e-02
3.445979673415422440e-03
5.826362222433090210e-02
3.481284156441688538e-02
-2.120996266603469849e-02
-2.792377583682537079e-02
-6.735323369503021240e-02
-5.225095152854919434e-02
6.837053596973419189e-02
3.661036491394042969e-02
1.667213067412376404e-02
2.937637642025947571e-02
7.304573431611061096e-03
3.649939969182014465e-02
5.886070430278778076e-02
8.219062350690364838e-03
-9.750181925483047962e-04
1.517621334642171860e-02
-2.757473289966583252e-02
-3.742124140262603760e-02
4.027780145406723022e-02
-2.128245122730731964e-02
5.227834358811378479e-02
-4.318142309784889221e-02
5.148430354893207550e-03
9.942997246980667114e-03
-2.871919609606266022e-02
2.852484025061130524e-02
-5.308190360665321350e-03
5.536508560180664062e-02
-1.790696196258068085e-02
2.045111544430255890e-02
3.604884445667266846e-02
-6.602016836404800415e-02
5.892630666494369507e-02
6.581852585077285767e-02
5.577154830098152161e-02
-8.189878426492214203e-03
-2.390666119754314423e-02
2.916436642408370972e-03
-5.933073814958333969e-03
4.585936665534973145e-02
3.842693194746971130e-02
-9.726211428642272949e-02
-4.730751737952232361e-02
3.619112446904182434e-02
7.721392810344696045e-02
1.291759498417377472e-02
-1.086052414029836655e-02
5.308796837925910950e-02
-8.166883490048348904e-04
-3.967133909463882446e-02
2.970927162095904350e-03
1.931461133062839508e-02
1.797597855329513550e-02
2.847693674266338348e-02
-5.916593223810195923e-02
-2.119855955243110657e-02
-9.613974019885063171e-03
7.526659406721591949e-03
3.852006420493125916e-02
2.971799857914447784e-02
9.212658740580081940e-03
2.071940712630748749e-02
5.927017773501574993e-04
4.540958628058433533e-02
-6.134735420346260071e-02
5.059815943241119385e-02
7.288878411054611206e-02
2.595704048871994019e-02
6.738547235727310181e-02
-1.614987268112599850e-03
5.818054080009460449e-03
1.596403121948242188e-02
-4.479357600212097168e-02
-6.393075734376907349e-02
-4.343010112643241882e-02
-5.956310406327247620e-02
-7.732044905424118042e-03
4.138855263590812683e-03
3.154445067048072815e-02
-5.951669812202453613e-02
-3.276103734970092773e-02
-1.358342356979846954e-02
3.566305851563811302e-03
-3.084446070715785027e-03
-1.797931268811225891e-02
3.385129198431968689e-02
5.404420942068099976e-02
-1.157303899526596069e-02
2.721690386533737183e-02
-4.555495828390121460e-02
3.564799576997756958e-02
-3.606424108147621155e-02
-3.480086103081703186e-02
-1.593743450939655304e-02
-8.479113876819610596e-02
-3.106511384248733521e-02
-2.835838496685028076e-02
3.543972223997116089e-02
1.642449060454964638e-03
5.469400435686111450e-02
-1.362644229084253311e-02
-5.478689074516296387e-02
-2.780442871153354645e-02
-2.737077325582504272e-02
2.226879261434078217e-02
-6.476097553968429565e-02
-3.869136795401573181e-02
7.053535431623458862e-02
2.748251706361770630e-02
2.130999043583869934e-02
2.497311867773532867e-02
3.485788032412528992e-02
2.551345713436603546e-02
-1.726223155856132507e-02
3.098911792039871216e-02
-2.046220004558563232e-02
-3.425119444727897644e-02
-6.437730509787797928e-03
-2.528171241283416748e-02
5.240294337272644043e-02
3.467727452516555786e-02
6.676831841468811035e-02
7.145860232412815094e-03
-5.534681677818298340e-02
-4.636240005493164062e-02
1.987569965422153473e-02
5.448192358016967773e-02
3.983538597822189331e-02
7.702137343585491180e-03
-2.530610188841819763e-02
4.734199121594429016e-02
1.182258944027125835e-03
-2.485285513103008270e-02
-8.873774856328964233e-02
3.736129030585289001e-02
1.766395941376686096e-02
-1.753627136349678040e-02
5.531287938356399536e-02
1.194316893815994263e-02
2.217598073184490204e-02
3.643922880291938782e-02
-4.808992147445678711e-02
1.431051269173622131e-02
7.379100471735000610e-02
6.240640208125114441e-02
-8.305012015625834465e-04
2.009334415197372437e-02
2.075393497943878174e-02
-1.197299547493457794e-02
1.272926293313503265e-02
-4.871859028935432434e-02
5.124352872371673584e-02
5.235658586025238037e-02
-4.850550740957260132e-02
-1.097903586924076080e-02
-9.839216619729995728e-02
-1.060399040579795837e-02
-7.841390906833112240e-04
-1.769475452601909637e-02
-4.972951859235763550e-02
4.475298151373863220e-02
7.175022363662719727e-02
-4.611698910593986511e-03
5.487523041665554047e-03
-1.533994823694229126e-02
1.325500383973121643e-02
5.438827211037278175e-04
-3.460117802023887634e-02
2.956863492727279663e-02
2.182254195213317871e-02
6.987529247999191284e-02
-1.058388408273458481e-02
-7.711179088801145554e-03
-2.755287475883960724e-02
4.058219492435455322e-02
-4.757120832800865173e-02
9.508139453828334808e-03
3.233430907130241394e-02
4.530595242977142334e-02
-1.874277554452419281e-02
5.172531679272651672e-02
1.717298664152622223e-02
-4.606560245156288147e-02
-4.604722559452056885e-02
-6.403522938489913940e-02
3.145507723093032837e-02
-2.665285579860210419e-02
2.063158340752124786e-02
-2.905736863613128662e-02
-4.783077165484428406e-02
3.312077000737190247e-02
-7.410734426230192184e-03
4.094227682799100876e-03
-6.345163099467754364e-03
-3.858958184719085693e-02
-4.676068946719169617e-02
-3.148018941283226013e-02
-3.403145819902420044e-02
-5.735699832439422607e-02
4.475354775786399841e-02
2.930866554379463196e-02
-5.253882333636283875e-02
-2.992798760533332825e-02
5.549049004912376404e-02
-2.923529595136642456e-02
2.439328283071517944e-02
2.561329491436481476e-02
1.193039398640394211e-02
3.130990266799926758e-02
3.417185321450233459e-02
2.892583981156349182e-02
-6.291099637746810913e-02
-3.295558691024780273e-02
-6.373430043458938599e-02
4.942351579666137695e-02
-2.853786572813987732e-02
1.586097665131092072e-02
-4.466206952929496765e-02
-3.623516112565994263e-02
2.769694291055202484e-02
-2.754957787692546844e-02
1.893902197480201721e-02
1.104532275348901749e-02
2.832327038049697876e-02
6.593550741672515869e-02
-3.080577217042446136e-02
3.808949887752532959e-02
-2.470877580344676971e-02
-3.130379598587751389e-03
-2.762290090322494507e-02
-6.086187902837991714e-03
-4.675187543034553528e-02
-5.612691119313240051e-02
8.250729739665985107e-02
3.387710452079772949e-02
4.281234741210937500e-02
-1.839459524489939213e-03
-1.332871243357658386e-02
1.549218688160181046e-02
1.962498575448989868e-02
-3.072336688637733459e-02
1.223362330347299576e-02
7.832165062427520752e-02
6.908040493726730347e-02
9.463753551244735718e-02
2.562731318175792694e-02
-5.331816896796226501e-02
-3.230410441756248474e-02
2.570884115993976593e-02
8.846873417496681213e-03
6.067272648215293884e-02
-9.508548304438591003e-03
3.112464025616645813e-02
3.060047887265682220e-02
5.054011568427085876e-02
-2.083362266421318054e-02
-6.611156277358531952e-03
-5.363073945045471191e-02
7.787186186760663986e-03
7.248393446207046509e-02
2.474146150052547455e-02
-2.444078586995601654e-02
-4.789826273918151855e-02
2.504337951540946960e-02
6.375046074390411377e-02
7.846376299858093262e-02
-1.652470044791698456e-02
3.991899080574512482e-03
-4.228021577000617981e-02
2.840352430939674377e-02
-6.702960282564163208e-02
1.207938324660062790e-02
-6.335900165140628815e-03
2.199477516114711761e-02
-2.762932097539305687e-03
7.492510229349136353e-02
2.111708559095859528e-02
1.570776104927062988e-02
8.089619874954223633e-02
-8.432161062955856323e-02
-4.234150052070617676e-03
-3.182915598154067993e-02
-1.135061495006084442e-02
5.397733766585588455e-03
-3.003924340009689331e-02
-7.015246897935867310e-02
-3.646944835782051086e-02
-5.002507567405700684e-02
-4.627395793795585632e-02
-2.447191160172224045e-03
6.790579855442047119e-02
2.044661715626716614e-02
3.169570490717887878e-02
-3.573828190565109253e-02
4.967547953128814697e-02
-3.931762184947729111e-03
-6.346394121646881104e-02
6.016548722982406616e-02
2.568825706839561462e-02
-6.205504015088081360e-02
2.070020884275436401e-02
-5.956908687949180603e-02
-3.971493244171142578e-02
-7.811687886714935303e-02
-1.180862914770841599e-02
4.082226753234863281e-02
6.048412621021270752e-02
2.358789322897791862e-03
-4.537019133567810059e-02
3.426731750369071960e-02
1.710773818194866180e-02
1.768329367041587830e-02
1.926470920443534851e-02
7.265073060989379883e-02
-5.914415419101715088e-02
1.672485843300819397e-02
-2.424928359687328339e-02
3.334086760878562927e-02
-6.000275537371635437e-02
2.160353027284145355e-02
-2.441753074526786804e-02
-3.498645499348640442e-02
2.531453594565391541e-02
1.204815972596406937e-02
-3.973440267145633698e-03
-5.771294608712196350e-02
1.539399940520524979e-02
4.711830243468284607e-02
2.320111915469169617e-02
2.455158531665802002e-02
7.003753632307052612e-02
-9.446291252970695496e-03
-4.208609089255332947e-02
-2.774494886398315430e-02
2.733935974538326263e-02
-2.791343443095684052e-02
5.791367217898368835e-02
2.074559777975082397e-02
2.576819434762001038e-02
6.511863321065902710e-02
-3.702851757407188416e-02
3.564277198165655136e-03
-1.898050121963024139e-02
1.034232527017593384e-01
4.650664702057838440e-02
2.226392365992069244e-02
-1.814087107777595520e-02
-3.299842029809951782e-02
6.795160472393035889e-02
-2.566327154636383057e-02
6.788344681262969971e-02
-3.414087463170289993e-03
-6.581622362136840820e-02
-6.730961054563522339e-02
-4.926378373056650162e-03
-5.032861232757568359e-02
2.672284841537475586e-02
6.691270042210817337e-03
1.287968754768371582e-01
5.259355157613754272e-02
-1.751769334077835083e-02
-4.666011035442352295e-02
1.803123578429222107e-02
-4.459294956177473068e-03
-6.065224763005971909e-03
1.395149901509284973e-02
-5.921690911054611206e-02
-5.029826983809471130e-02
-4.020361974835395813e-02
1.557551883161067963e-02
-5.164845846593379974e-03
-3.275408595800399780e-02
-2.920329198241233826e-02
8.894040249288082123e-03
3.991380706429481506e-02
4.889107495546340942e-02
3.343314630910754204e-03
1.121201924979686737e-02
2.121112681925296783e-02
1.360136177390813828e-02
-1.870829798281192780e-02
5.596630275249481201e-02
-3.209406137466430664e-02
-1.537053263746201992e-03
-2.702666446566581726e-02
-4.489729553461074829e-02
-6.180007383227348328e-02
-5.112379416823387146e-02
-9.115437977015972137e-03
3.911545127630233765e-02
4.027346894145011902e-02
1.400209497660398483e-02
1.726534217596054077e-03
5.993491038680076599e-02
4.961288141203112900e-05
2.948299422860145569e-02
7.600881159305572510e-02
-2.012416906654834747e-02
-1.492626848630607128e-03
-4.088113084435462952e-03
-4.445928707718849182e-02
2.068323083221912384e-02
3.145674616098403931e-02
-1.044807862490415573e-02
-6.829882040619850159e-03
-3.286047652363777161e-02
-3.306223545223474503e-03
-3.364098444581031799e-02
5.217793211340904236e-02
2.544786408543586731e-02
-1.322203082963824272e-03
-1.111002732068300247e-02
-4.923892393708229065e-02
-4.653053730726242065e-02
-4.577445983886718750e-02
3.771471092477440834e-03
5.692366883158683777e-02
-5.929964035749435425e-02
-6.989626586437225342e-02
2.890300936996936798e-02
-1.961768046021461487e-02
-3.821206465363502502e-02
-3.572518378496170044e-02
3.382811322808265686e-02
1.981440372765064240e-02
1.348832063376903534e-02
-2.354969270527362823e-02
4.179137572646141052e-02
6.033763661980628967e-02
2.273283898830413818e-02
3.977815806865692139e-02
-1.766253262758255005e-02
-1.705003716051578522e-02
-4.234663397073745728e-02
-5.471745505928993225e-03
2.467283979058265686e-02
2.171896025538444519e-02
3.573910146951675415e-02
5.600341781973838806e-02
3.980630263686180115e-02
7.622102741152048111e-03
2.073737606406211853e-02
8.058360777795314789e-03
-4.322931915521621704e-02
-7.417124509811401367e-02
5.638829618692398071e-02
-4.223241284489631653e-02
-3.255763277411460876e-02
-2.610356081277132034e-03
6.461747735738754272e-02
7.307508029043674469e-03
4.960418120026588440e-02
1.643208600580692291e-02
4.248021543025970459e-02
-2.610557898879051208e-02
-5.230842158198356628e-02
-2.115907892584800720e-02
-3.697886690497398376e-02
9.873523376882076263e-04
-1.973176561295986176e-02
7.060983777046203613e-02
-2.569866366684436798e-03
-4.930612072348594666e-02
-1.502744667232036591e-02
-1.364115253090858459e-02
4.272547736763954163e-02
-6.968067586421966553e-02
4.071385599672794342e-03
1.067117899656295776e-01
-6.461597979068756104e-02
6.722461432218551636e-02
1.489044353365898132e-02
6.088212877511978149e-02
4.260253533720970154e-02
2.030138298869132996e-02
3.369457274675369263e-02
2.838671393692493439e-02
1.180929411202669144e-02
-8.037281222641468048e-03
3.553187847137451172e-02
2.757993759587407112e-03
-8.114229887723922729e-02
-1.899386011064052582e-02
1.853560097515583038e-02
-3.312941268086433411e-02
-3.407758101820945740e-02
8.098104037344455719e-03
1.498328428715467453e-02
-3.871361538767814636e-02
