3.248311516368818097e-01
8.830616343452555306e-01
3.275717236633173268e-01
6.943172502643482069e-01
-5.014510681994748253e-01
8.119604369289463719e-01
-7.629918057412097276e-01
-8.910862532060270791e-01
-3.688625518205306264e-01
-2.298071801476468945e-01
-2.346509424668132837e-01
8.803780934896925370e-01
3.100233079247536327e-01
7.080950670478685094e-01
7.971525521317330831e-01
-3.442320302090815520e-01
-8.440022940587663669e-01
4.538416411693311225e-01
-1.129762905368736359e-01
-9.279353314839815514e-01
2.085016702228605912e-01
-3.698959312678400391e-01
3.619486431685814409e-01
-5.440786404061210835e-01
7.338365616546718151e-01
-5.172098211445126381e-01
-8.269210283860739530e-02
-4.013542616876488722e-01
6.430869431538945857e-01
-8.827775025024127142e-01
3.377545605577578769e-01
5.759150255413960640e-01
-4.094326955574210114e-01
7.562141954479015826e-01
-3.944406495385899269e-02
9.880243123572827191e-01
-1.633334665543562103e-02
9.279512074106897046e-01
4.098361798472407447e-01
-9.675788942738012821e-01
5.660370749018377445e-01
7.793313354337350063e-01
-9.533746989213762735e-01
1.524024016238512136e-01
-6.208636860860461404e-02
-4.851206628767059659e-01
3.387503747470994586e-01
2.588988680741737269e-01
-3.658587596087694571e-01
8.609569672739658674e-01
3.831610905483864293e-01
-1.452545842816339583e-01
-5.956121349054344094e-02
1.869465290691634252e-01
-3.620896089987182265e-01
1.842345723605027796e-01
-4.318815576074874762e-01
-2.115166698349006946e-01
-7.088261655607241973e-01
-1.503370478706862468e-01
1.667607479457731134e-01
5.849540501145640281e-01
4.348178634719017666e-01
4.373839514813937512e-01
4.445026178972910635e-01
-1.484312469860791239e-01
9.040158789950019091e-01
5.656568235445307291e-01
-2.556929358109165662e-01
-8.463137193947947168e-01
5.074149163068837343e-01
-7.716119741969218460e-01
3.124826197797474503e-01
5.966339667523949952e-01
6.652123709563637632e-01
-1.613072323783459883e-01
-2.159918335849764226e-01
-7.386779267216754263e-01
1.751747176947537898e-01
-3.268865900171420424e-01
-3.123927764589464751e-01
9.361653881246327913e-01
1.845178382901684344e-01
-5.017869932292318147e-02
3.608853810922119099e-01
6.057694578739447611e-01
-2.164665575070452430e-01
-3.112494233464802029e-02
5.235986890750679024e-01
6.925003392692474780e-01
-1.519090763404640221e-01
-1.765530283559413327e-01
-7.493115204424367626e-01
-4.229385117009352157e-01
-3.199205719051705366e-01
9.865018493226607177e-01
-3.736577075153455496e-01
6.714803290598081453e-01
-2.730030406968266821e-01
-1.851800050892449256e-02
-2.717078170842397444e-01
1.282625511825896680e-02
5.769558600351427646e-01
-9.724556807377862100e-01
6.900049267120185181e-01
-2.790352558422970475e-03
-9.467222564308921395e-01
-9.039590165670425836e-01
9.891133636897424530e-01
-9.809023559220291233e-01
4.814170846974246132e-01
-8.210608564450052604e-01
-2.037409485140049270e-01
-7.739842137129100408e-01
-1.154517140544064624e-02
-6.700670628199971723e-01
-7.209597522459934016e-01
2.143377844514307018e-01
1.712171778282070012e-01
-6.649561622771449354e-01
-4.461494375007213353e-01
2.040392156267500923e-03
9.275912795218597129e-01
4.407318293288589039e-01
7.997671759225575272e-01
6.509728619566323982e-01
3.084094562537209594e-01
-7.336059409408290932e-02
-5.773230207559221228e-01
5.172112109925925960e-01
4.397619878829390760e-01
3.811872348648084330e-01
2.465107740917971135e-02
3.497348970620388631e-01
9.930025459629467921e-01
1.770624701868350748e-01
6.234641322575200650e-01
9.998265874391027985e-01
-3.282917524333568426e-01
6.371254896934155365e-01
-5.628971064841605809e-01
1.656097952232760129e-02
-2.395537062596586608e-02
-5.665832691287657763e-01
9.029027459952423396e-01
-8.225200080056345175e-01
4.727794005007233125e-01
-6.740273460009411632e-01
9.363438627639502077e-01
4.639820623037498315e-01
-3.543766008727129435e-01
-4.525088023587555686e-01
9.618138469954229386e-02
5.808415438401803854e-02
-1.567848643708982248e-01
-5.373825807299446033e-01
8.563977941635636526e-01
-3.137916327086014423e-01
3.545497216151503039e-01
4.156491019847896595e-02
-7.313762693669605408e-01
1.749718841419869442e-01
7.677881828187667068e-01
-5.188449610796483924e-01
8.569336671855649623e-01
3.847107553697797222e-01
-2.085856939044068437e-01
6.839527049069933362e-01
3.450896204869724482e-01
1.141684819701085374e-01
8.066950739152196626e-01
-1.653725710833215956e-01
6.421157809417190609e-01
-3.596314478013897808e-01
-1.231350368179642274e-01
8.603052055302189416e-01
-6.913882387876875146e-01
9.476616008219489462e-01
-7.833734347623211303e-01
4.315103325433222725e-01
-5.208256528178929479e-01
2.835950426538831337e-01
-3.620947026413581238e-01
-8.117272494804066429e-01
7.912984163051686171e-01
2.833851796744193408e-01
-8.808037254429730289e-01
-7.041969662921780948e-01
2.749210334329292849e-01
-7.844726384169307121e-01
1.186801929801888367e-01
-7.978219884798103401e-01
4.731255765677364611e-01
3.464400181424087677e-02
-4.144693237369061478e-01
-7.507447962733948543e-03
-7.917589387160621772e-01
-6.885084654235296142e-01
8.248887257272425888e-01
-2.460288633975200590e-01
7.679558473400223129e-01
-4.616446629428336834e-01
-8.133146515191589376e-01
-2.883286761208219140e-01
5.509171284192349027e-02
-4.950758100332408596e-02
-3.780887914547848005e-01
3.141604189437330330e-01
8.795177414091561729e-01
9.744224185365710778e-01
-1.017335448351452953e-02
4.442163972898605095e-01
-7.165682434546865043e-01
2.425092899701131177e-01
3.446403997429778876e-01
1.575129097689249580e-01
-2.755045381650591541e-01
-9.177672785396997490e-01
3.058126131584910645e-01
1.212045600266886680e-03
6.955068358697018560e-01
-1.385278834545358162e-01
-8.271695460658068377e-01
-6.040112953283676145e-01
2.212599747659396154e-01
-8.741547643589475669e-01
-6.400514557313976560e-01
-6.953639491196859090e-01
3.966377354346950490e-02
2.358734326980520546e-01
-3.837747610164154999e-01
1.682119660010612527e-01
7.391974304352768588e-01
4.135988173675106960e-01
-9.855414811963614241e-02
5.535272438450620225e-01
4.447057487526888675e-01
1.625919900495511605e-01
2.532266853902631620e-01
-9.527698393794399312e-01
5.932822595843245672e-02
-1.755749424006107784e-01
8.178671486215987052e-01
-1.634075929526896953e-01
-4.186637865064222197e-01
9.562087298545345337e-01
9.122833442253950320e-01
-7.934584046961423720e-01
-1.823431000030570903e-01
-8.598551561520997311e-01
2.235479294760920332e-01
9.890153399992156480e-01
1.716895929991779646e-02
6.986985436431671914e-01
7.758658639522106881e-01
-3.724759301443121284e-01
4.045492241689374602e-02
-2.186810233844482809e-02
-2.236351398857712169e-01
6.616807174612147069e-01
-7.128369372338936305e-01
-2.919938745109804668e-01
-5.121680035779656581e-01
-4.763157307389542794e-02
8.306681428427460379e-01
3.873174350835200119e-01
-9.108127465190072325e-01
1.600958670486660740e-01
5.536613991878474028e-01
3.502793471108784917e-01
2.446527438483263595e-01
-5.688485478051985567e-02
6.268057046250496978e-01
-5.959987731582356840e-01
-7.229349907776398965e-01
-7.584865426284288503e-01
-6.926682891414941423e-01
-1.977597147575631542e-01
5.942905127308131252e-01
4.523251285189553439e-01
4.979075770415466451e-01
7.624977065808644650e-01
-3.277176399955505914e-02
6.753926218335841725e-01
9.303255766662090753e-01
9.088428538244164301e-02
-4.550620628404424828e-01
-7.740918009847577164e-01
9.288543216387896706e-01
2.575025238285391094e-01
-6.432884636027587089e-01
-2.101653463131443189e-01
-9.195280222999633324e-01
4.466621159019947829e-01
-6.694818308726617762e-01
-6.850007846094496866e-01
5.183144636328349542e-01
9.943572351412028887e-01
-1.618946998737227361e-01
4.458554084512358351e-01
-5.726016176195249940e-01
3.969945569742787672e-01
-8.994007741698073488e-02
-5.007515806061382246e-01
4.139438648040516533e-02
-3.252980751261900227e-01
-5.227986845936323235e-01
6.523909002453094352e-01
6.867391665069919604e-01
4.605758115584661638e-01
-3.339341162104920713e-01
1.043937824757352750e-01
9.882020105527782317e-01
-1.949513046596249577e-01
-5.362773395880238159e-01
7.973290925125309236e-02
2.264271542644202828e-01
2.288780790816689059e-01
-2.612658361275590480e-01
1.788200009220137776e-01
4.357237461000429413e-02
4.719217927104322197e-01
4.843977232990657189e-01
-5.811109314146789551e-02
-9.459852293289248149e-01
2.196815069989217495e-01
-7.494834515519783746e-01
4.165535556256354521e-01
3.796819617707281047e-02
-7.428164710871252296e-01
-4.667876927914238472e-02
-8.169016556848955890e-01
7.174944985845526091e-01
7.417644173751041237e-01
-7.012669192604554791e-01
7.764450083173923822e-01
-1.964942558510163195e-02
1.806934852728536711e-01
2.003300377575492064e-01
-9.300492277871819091e-02
-1.824580732567171459e-02
-9.728845816060553986e-01
-5.605027799153194934e-01
-7.394317691766563172e-01
6.508623142471678946e-01
-6.071313976827314995e-01
1.742303566385532410e-01
9.015326719232397146e-02
-9.711538262986600945e-01
-7.277314695257852684e-02
5.563046952422849856e-01
-8.748611531048424705e-01
5.897693466252476036e-01
5.748283863949696926e-01
4.726980615524170037e-01
9.026683522200351639e-01
-5.464495872901673490e-01
-3.690416561892622127e-01
-4.764959520763425438e-01
2.898817565513880368e-01
8.300736409040376795e-01
7.165684001808441117e-01
5.253143132595461395e-01
2.414140599655427710e-01
-3.624417990379158461e-01
2.883454689837894325e-01
-8.844192317031727146e-01
-3.267404935506272867e-01
-6.892580375120331837e-01
-2.178646212664439030e-01
-6.186402032803179907e-01
3.664291117616873539e-01
-4.966773401040092129e-01
-7.399006651932540368e-01
-9.651339201588478023e-01
-7.350002134724518132e-01
-1.897027412840479599e-03
-2.411349111662002276e-01
3.061197604545373707e-03
5.091892230351842130e-01
-6.792745720853632374e-01
2.781914176875601719e-01
2.979046190791805326e-01
-7.941229348621030582e-01
-5.058785071207219097e-01
-1.687624501082927164e-01
8.891862700906194572e-01
-7.285284267847689232e-01
7.700064867136160451e-01
8.959979966500839499e-01
-1.217005153548627039e-01
-8.009482278900981189e-01
8.934188447439499470e-01
-7.671002568746494443e-01
-5.184707113745994356e-01
-4.948775773637594799e-01
9.221767719540938657e-01
6.826763194051304051e-01
-7.934512861884446266e-01
6.474734674979720772e-02
7.616043700538870365e-01
-3.311964220092367128e-01
-5.006079339769031744e-01
-6.097665044911677601e-01
2.783011794533536420e-01
9.401576928063868355e-01
9.244973853514781847e-01
-3.751979784235977000e-01
1.456431620169182928e-01
9.251911588759591520e-01
-4.094864708655208130e-01
-1.568041693095918454e-01
-8.835365938844492728e-01
1.798669830613464082e-01
9.580936303152318700e-01
7.087382694085335721e-01
4.141370638540737836e-01
-2.530604572694041821e-01
-3.957845997423115048e-01
-6.022523856017114596e-02
-8.900522041211507140e-01
6.783157692517172155e-01
-6.064203157755396756e-01
4.477313373525522167e-01
5.860251663455429139e-01
3.144157264125448936e-01
-4.106813058131431049e-02
-9.434557475647120661e-02
6.004093500854337240e-01
1.678560148660275253e-01
7.745037104898018221e-01
-6.118364117761203591e-01
7.536041531413766315e-01
5.471649615137752498e-02
-8.072118639375083227e-01
7.733393627972844353e-01
-7.873322879560693544e-01
-4.252759281951949966e-01
2.743183296302180718e-01
2.165295733545502532e-01
-6.824697093799649839e-01
3.042714797941703520e-01
7.682081257349171466e-01
1.831352080060599796e-01
5.682035478356450842e-01
-3.517702519715348863e-01
8.690695690186192035e-01
5.617733123407770979e-01
4.932737611021182911e-01
8.078459766944290354e-01
-5.493413050093916006e-01
1.310547764142806493e-01
-5.286009695747131421e-01
7.413566701992182484e-01
9.887427741429324346e-01
-2.340929404340874598e-02
4.877843954389948777e-02
5.021410283403788810e-01
-9.792321127379528534e-01
1.138470951394019437e-01
-7.910236656258184951e-02
-2.130933385039379679e-01
7.324711898115157105e-01
3.053451148789751990e-01
-8.540825767411146519e-01
-4.011299318571690531e-01
7.944346041123027113e-01
3.787130023557445657e-01
5.239051598784862929e-01
1.873433020913863878e-01
-3.811281478285584168e-01
2.552598022756895624e-01
2.095433668289463647e-01
-6.441605880217335933e-01
9.649920402386449325e-01
4.002717210734665354e-01
2.459559070578394291e-01
7.196412299348848851e-01
7.780801197774374067e-01
4.727703908032903080e-01
9.436887611772648565e-01
8.543285462228582539e-01
7.836109460255176185e-01
-2.226093247789917573e-01
7.174974420695061639e-01
6.467414916245761702e-01
5.034748288855996901e-01
-3.336517545027990472e-01
-4.119428487018621521e-01
3.592074155446214334e-01
-2.292225825077536250e-01
3.666931240932980174e-02
-5.370876893827509768e-01
-5.480523483614263558e-01
7.852077677547870671e-01
-5.852482198177566541e-01
-5.092984294305955562e-01
6.829333774794865697e-01
-3.414731493081759606e-01
-6.203303659198196041e-01
3.886678739010382966e-01
-3.028153331140919224e-01
9.028171706303276256e-01
-6.832073149245909693e-01
-3.388500503380049711e-01
8.751725411501134477e-01
-7.714731824703295882e-01
8.017399200371058132e-01
-6.224618826772747582e-01
-9.412256344579066347e-01
9.928614217333431302e-01
3.157346683010757715e-01
