4.266071205580526104e-01
-9.333883252673662589e-01
-2.097952335815909120e-01
-4.260789427034639143e-01
4.418182397578014342e-01
2.217168719369069230e-01
6.178692114370485378e-01
-3.789701967072036659e-01
4.699892631362583284e-01
1.211353874950926723e-01
1.806939785751393579e-01
3.512107367910350941e-01
5.030534293543380553e-01
8.943691786817682399e-01
1.232045663134915259e-01
2.456777053868244298e-01
6.362265057431857329e-01
-7.803432956947993215e-01
-8.662171239694915759e-01
8.655763407507486296e-01
-7.905883790107861575e-01
6.752114057188356444e-01
3.371421001748766688e-01
-6.188579686049540118e-01
6.538622220547460895e-01
7.485618434360019613e-01
-4.709607399899591318e-01
-2.759484864072949684e-01
-8.513775601967521478e-01
9.025802514411078725e-01
-8.061306164866641755e-01
-8.735558125661080364e-01
7.257822242317466532e-01
-6.807129448471445077e-01
6.612802383916316362e-01
6.488158429490744616e-01
7.122472558131014431e-01
-7.338204580754286166e-01
3.100885361669980522e-01
-1.678450193902323306e-01
7.504043268443518766e-01
-3.687567981286707930e-01
-8.038566367469892615e-01
8.415942783773193714e-01
-5.010381313851677287e-01
-5.488575847730952084e-01
-2.445236584241767819e-01
7.663138981157233687e-01
1.693705239972809196e-02
-8.226317820195636621e-01
7.954145703030079950e-02
-9.733101356385414071e-01
-6.625113651483931498e-01
8.872374344037914362e-02
4.297280349004786171e-01
-5.968732697721741420e-01
-3.465944784058727635e-02
9.579058138055569493e-01
6.145762321756227387e-01
-9.604733902710231863e-01
4.848825010018229520e-01
3.742293885238074935e-01
-4.866327787999049637e-01
-9.775977372745816574e-01
3.365182907753838659e-01
8.794009310394881318e-01
7.440401759167747375e-01
-5.113936266724907753e-01
-7.579566051434838414e-02
4.935144998454354948e-01
-8.562043291751846308e-01
-7.790311188396281672e-02
1.406211358259938926e-01
9.069588580868521710e-01
-9.263431154650390020e-01
5.494750634459892868e-01
9.200463212677607583e-01
6.210178287246268525e-01
-2.998350755809786605e-03
8.294775870010226981e-01
9.275425411190181268e-01
5.743353173771823528e-01
9.622857236947679471e-01
-3.578840029305565551e-01
4.218902046193251376e-01
5.343424353395991311e-01
-2.555432566040349851e-01
9.345210161653805248e-01
-5.942908613455304412e-01
2.227297772703078493e-01
3.663954781059499677e-01
-2.725955985966348472e-01
5.091193653166481425e-02
8.756654513392074790e-01
-2.132735714757214573e-01
-1.371068598198010857e-01
6.676589246974069525e-01
2.815693055738592854e-01
5.295513353522445232e-01
9.988562832639935607e-02
-2.039029788760278183e-01
5.871128200964890187e-01
-6.017195653170968050e-01
-4.927211893861338510e-01
-1.309091387647409732e-02
-2.352276006854632229e-01
-2.487312600013182884e-01
9.815245007096708996e-01
-1.207009511996000040e-01
6.629890402671010374e-01
-6.579431521773979608e-01
3.004913725485485188e-01
9.576488172138584165e-01
4.840800443165624856e-01
-6.909776616582370412e-01
1.992254641598028009e-01
-7.021038097416347767e-01
-9.499394268357677085e-01
-3.181679816932585503e-01
-8.208558444202032067e-01
9.218840180501026715e-01
-5.164871359344840318e-01
-3.415563904943574869e-02
8.677564326745910162e-01
3.443091239252031865e-01
8.013097334426855234e-02
-9.643846965788793746e-01
9.294206004324025994e-01
-8.101579191070376051e-01
2.960378812332060683e-01
6.144494317275512874e-01
-8.230813857053977944e-01
-4.796680496442662367e-01
-1.315999792987510020e-02
6.992275535945557952e-01
1.932079098977452780e-01
-9.463081481485193791e-01
-5.575435222544549152e-01
-5.365485411402928229e-01
-2.776917222311192646e-01
-7.236047062290489329e-01
6.129360865671322767e-01
9.902526763526913189e-01
-5.797492951437910325e-01
1.832846846739768498e-01
7.244668306409540737e-01
-2.218028518284005379e-01
-1.237949392444746000e-01
6.727744959902361988e-01
6.582691052816540545e-01
-8.843980110495253122e-01
2.420502014600094398e-01
-4.148180443328239875e-01
-8.170483116055822226e-01
-9.083536641221205965e-01
-5.119387006406961316e-01
-4.286747486361972559e-01
6.687269207293820017e-01
-9.678715609824464217e-01
-9.845179920314655053e-01
-7.003142920116165460e-01
-2.651347671034547382e-01
-3.291281457364931828e-01
5.919603754105857707e-01
6.718406236219058858e-01
9.518900937751419988e-01
-6.395944644177469218e-01
-4.320972623925647405e-01
-1.688549563729302427e-01
-2.625445025633943441e-01
4.665951245290396177e-01
-7.820229301414955980e-01
4.873755165459312533e-01
-6.776070950157295769e-01
-8.130180976490497535e-01
5.780644412523332498e-01
9.469061987805034164e-01
2.775828107444178183e-01
-1.641467664929960879e-01
2.064417794025028563e-01
4.456745313179844015e-01
2.596452090500669385e-01
7.979475175544537002e-01
1.667994705742534833e-01
6.370762441726625092e-01
-2.092981230456392172e-01
-8.966500542752189329e-01
2.910503567871349784e-01
8.697555427283247820e-01
-5.480784851096454080e-01
-9.421680341777693979e-01
4.733464983312853924e-01
-7.088828514437328643e-02
-6.397014388562112241e-01
-7.521810413372169712e-01
-1.815969274850861570e-01
-8.956265783785328782e-01
-4.934486286473052097e-01
-4.142884913704849570e-01
9.128640591378782698e-01
8.568869788624873252e-01
8.175783487530530191e-01
9.584155512185019710e-01
-7.687159081113303927e-02
6.411595476345763878e-01
6.591296562525794656e-01
7.699073224333008447e-01
8.062985871260219817e-02
-6.525979831845105661e-01
8.168799112745153135e-01
5.809890199757570262e-01
9.075840282491376421e-01
2.198815241793639075e-01
2.288672113143286335e-01
-9.007960971992190480e-03
-4.656668618249679703e-01
-2.378405808654191489e-01
8.028514083715012628e-01
-3.762079009379393213e-01
7.175573298134847455e-01
-9.769537435153605731e-01
-6.151855095599365608e-01
-6.939050876533414680e-01
-5.407439736890731208e-01
3.190528339211200493e-01
4.972708495461555245e-01
-7.187758367546450700e-01
6.333272750125051864e-02
-4.535721236675493984e-01
-6.499870146802741999e-01
-4.577234633070905723e-01
-2.337479901650456604e-01
4.557439398879317149e-01
-9.950100804356636353e-01
-7.475558481356139318e-01
-5.281386143666202404e-01
-9.704554346969600509e-01
3.925485573729836641e-01
3.613283262513009575e-01
-5.456357925981303314e-01
-3.081229404389351778e-01
-8.834881063530792833e-01
-5.107129269362222779e-01
1.830431790043494100e-01
9.301920990343806039e-01
-1.161722258368940164e-01
2.261478118999480369e-01
-8.203041381266884535e-01
-8.101189037863625320e-01
-6.195324242366564427e-01
5.038401749110126282e-01
-6.538104836699500932e-01
-2.978678355825348234e-02
4.141615129199180956e-01
-4.358622625121522098e-01
5.786416031558114792e-01
4.943896841126704800e-02
-1.203417284336052440e-01
-5.536561003232203237e-01
-9.475142311495077241e-01
-2.039418252999423142e-01
6.098964953747496587e-01
-6.882930646097855654e-01
4.031547062641887003e-01
5.221853546052956929e-02
-4.364192738290983975e-01
-2.437492921944459656e-01
5.342578522772236660e-01
-8.671725840029818055e-01
-2.177055837348664813e-01
-1.219897021018114813e-01
-2.774269716754724779e-01
-2.520902403137013081e-01
8.062971879126252794e-01
-4.721244110362854407e-02
4.265693485302226584e-01
-1.352195949648002937e-01
1.630388511329066148e-01
4.413618572723059241e-01
7.147492091927858393e-01
-4.573860451956910378e-01
-7.351925864430854940e-01
7.173854356720139602e-01
7.763154935230407450e-01
5.295195022847494215e-01
-2.765810717351853132e-01
-9.082846621288225286e-01
-7.783881055651056258e-01
-3.174084358510840254e-01
3.171576401324984751e-01
-2.467062985796228958e-01
1.117391668547664807e-01
6.906131569716156271e-01
-6.245199801136662732e-01
-3.746646628563281567e-01
3.163903062307522607e-01
-5.512614838843188370e-01
3.871231387275249070e-01
-9.334806327642461987e-01
-5.575714578813351086e-01
-5.166272135996798909e-01
5.165655889156852698e-01
4.869918903210976868e-01
5.418493351655608858e-01
2.929434384010061176e-01
-7.649876606259311540e-01
-9.227269549716157204e-01
-4.660764029012338661e-01
-2.706954440880522395e-01
6.552342952422436362e-01
-5.718553470668208405e-01
-2.939879545471926203e-01
-8.442786688869095002e-01
6.107293241904323544e-01
9.971790651312213427e-01
5.505065460230611496e-01
7.808591380682143868e-01
9.355935009814007053e-01
-5.182491870213241647e-01
-9.269556868337027744e-01
-2.575232903499184989e-01
-1.275544005598820974e-01
7.105059063152836529e-01
-4.221724039739149781e-01
3.784288433148230713e-01
-7.694925279769999626e-01
-2.684723869666463258e-01
2.872495161272752284e-01
6.000926626520826090e-01
5.752839325520442415e-01
-4.257624393251795425e-01
-8.504525106105012000e-01
6.112881033703481126e-01
-8.194702116487493360e-01
-1.082674369985336948e-01
6.536144606397089607e-01
-1.148798556174666086e-01
-7.885613748692985592e-01
2.556099474182027542e-01
8.871187661019590553e-01
3.976298357876635325e-01
4.283979629633354325e-01
-7.609983756891547380e-02
1.055687010457460051e-01
-7.468461508226380552e-01
-8.178661839295193747e-01
-2.581024378765053306e-01
-5.243736449597020677e-01
-1.585184492206617168e-01
-8.371003285413591843e-01
5.318880130631853387e-01
-1.162137252740986781e-01
3.778295326234266671e-01
-9.255290230090240655e-01
-2.540086154303522470e-02
8.454998116317238299e-01
9.961316592527968972e-02
-8.206207048849776253e-01
9.165938534779642932e-01
1.911222575072750729e-01
-4.641098584863307952e-01
-4.105633628789684408e-01
-1.044866386386438251e-01
-4.098633802914535273e-01
3.803192314475634106e-02
1.755822225265530889e-01
8.394315056238945694e-01
-5.660885300695213118e-01
6.847508972196660881e-01
-2.442270724320809716e-01
9.018078936109863442e-01
-3.673071905390079550e-01
-5.165490353861856843e-01
6.239306779294011562e-01
4.678556689557993309e-01
-4.822741500214220434e-01
-9.019046315268171021e-01
5.567265647922337024e-02
2.258939671994999454e-01
-1.235572149975494582e-02
-6.499377789512486014e-01
2.615624373468354857e-01
8.085098648758954898e-01
-7.974288172832035837e-01
3.405916588342883244e-03
5.182743605758457495e-01
-3.360328971901833661e-01
-8.304167320022590726e-01
-7.539479556798256432e-02
-1.866280135174294141e-01
-8.978535027921914491e-01
-3.001401584285416924e-01
-1.732317680488564271e-01
-5.904437293104096707e-01
-4.281015115143178562e-01
-9.616085056617402760e-01
-3.173111906112338065e-01
-6.624296205878941191e-01
4.449092748510863338e-01
-1.193517918251751908e-01
-9.530018601687162416e-01
-6.831464219393621473e-01
-8.922714344380249241e-01
-2.404486459555315037e-01
-9.297350358566331963e-01
9.645788162794128873e-01
8.793395866876534406e-01
1.666323171608494746e-01
-3.840367032914635548e-01
3.932805038979141354e-01
-3.455181515071110709e-01
6.987827382951907751e-01
2.641683758396864423e-01
-9.772040988506134340e-01
-7.355722328316505187e-01
8.997884051221949342e-01
-6.212970005687961095e-01
-5.528522067647665406e-01
-1.050269574081970081e-01
5.573003440144828069e-01
-2.171750344521496956e-01
8.563592566689044450e-01
1.807265228798495826e-01
9.652785627720876782e-01
4.679968255410784650e-01
2.899006019437457837e-01
-7.249187226410731544e-01
-1.153074646234917289e-01
-4.949993502051186489e-01
4.877412170510702083e-01
4.777922380778509837e-01
3.953547791866682815e-01
-9.455995240288022075e-01
8.440123813127955454e-01
-9.392749831828384188e-02
6.495398548271125172e-01
-2.426955682387357260e-01
2.515992104325646128e-01
-7.854496090123990193e-01
2.179260118580053085e-01
6.671853432912746573e-01
5.202008845019083783e-01
-5.658929724076531276e-01
-3.040264709635247531e-01
3.571133411874207741e-01
9.682504788713792721e-01
7.987683493474118102e-01
7.239478524192788367e-01
2.975163597304328889e-01
-5.806243334085454677e-01
2.535341069985252993e-01
1.266886089952548033e-01
4.701970755124493806e-01
-7.807952405939522222e-02
-5.530790901531008608e-01
2.273104547583961743e-01
9.890382934978823037e-01
7.914674797092149383e-01
9.205542145321825576e-01
8.878902884437678278e-01
-1.497694583941913127e-01
-2.517449103574183056e-01
9.817625959382449974e-01
-2.146599242679183561e-01
4.243970742985423428e-01
-2.523599259220072888e-01
6.609106030863598491e-01
-4.508944812215440745e-01
-2.282744315955618220e-01
-2.501124363177487098e-02
-6.523562607882238407e-01
3.476975260068129181e-01
-5.658191511122598882e-01
6.074962128146952356e-01
4.091562957059218242e-01
-6.614809587608183605e-01
5.290710626703147845e-01
-6.420740659718142673e-01
-9.604573306570491908e-01
4.725380611920282359e-01
7.967357447605338816e-01
-5.475229886810546454e-01
-3.680364648750382717e-01
-6.741071319884777147e-01
9.739875621183680110e-02
-4.637432900895521737e-01
5.253498854353306768e-01
-9.917007882260562290e-01
-6.157780962948304904e-01
7.400078834785839277e-01
8.421504710614715616e-01
-2.397395789473106831e-01
7.542279947291867792e-01
5.469564938250801589e-01
6.861680522399848936e-01
6.397176293536017688e-01
1.090677500520615961e-01
-6.026131612833733886e-01
5.639396611216840327e-01
-5.855177934589606004e-01
6.461545475604997257e-01
6.628584054376807089e-01
3.419971037643727563e-01
-6.026948525874673557e-01
-3.411410784189619072e-01
-4.966623878941109904e-01
4.387464656424537868e-01
-2.901946456131090368e-01
3.171838128204551577e-01
7.285928213302375056e-01
5.149261886134539612e-01
2.691337791515104882e-01
-1.796499808283353872e-01
-8.642568293065284735e-01
9.860817591501196411e-01
-3.537757020676448594e-01
-2.275573475313343863e-01
-9.495047316600937481e-01
2.962754148851587388e-01
4.555486806338016059e-02
5.944193418212098123e-01
-9.628514634163636288e-01
2.781539797465759634e-03
-8.255907998114810908e-01
6.838024639967761331e-01
-1.299039182026349160e-01
-7.271157717753899963e-01
-7.440102484865325216e-01
8.967931052299442651e-01
-4.545586190578072561e-01
2.347288789928947406e-01
9.834374935521814631e-01
-5.919610376065487234e-01
4.526991686175538820e-01
-2.268844850736397856e-01
7.691599533418820300e-01
1.295958821605764921e-01
-4.405777006907913851e-01
6.467184711417177656e-01
7.749777770999402016e-01
3.080710795127719059e-01
1.979827084201988274e-01
9.639607940079373272e-01
-3.575659441644201131e-01
-9.936152917869520707e-01
3.306862577663034486e-01
5.028634540394520958e-01
2.505570428368888436e-01
4.498413717303402226e-01
9.748491728713690740e-01
8.580064109483906964e-01
8.124560904531612504e-01
7.659760896293523746e-01
9.093171539704671957e-01
-7.822833713502961306e-01
7.250923269744298238e-01
7.361646304720748102e-01
2.514833869263213284e-01
-4.056365640556292007e-02
6.727207188844426256e-01
7.903056763722486888e-01
-1.967162007241007871e-01
4.923436858053475973e-01
3.963535962395086099e-01
-6.095078220763090471e-01
-1.447429079268212071e-01
1.765966953773214776e-01
7.336075184667256721e-01
2.177731561180840103e-01
8.622375206729917529e-01
-3.495601553607985412e-01
-9.916826941414520480e-01
8.428900614325298690e-01
2.740994987399216765e-01
8.667006348807020366e-01
-3.256528547855055411e-01
7.578419395408633186e-01
-4.292809528633063643e-01
7.124482980163608925e-01
-7.508535283662025606e-01
-4.012736338727345142e-01
-6.375637538693303963e-01
-8.467281691064156846e-01
-6.553366294648892421e-01
-6.635882965587789339e-01
6.239916890231345104e-01
-5.039451077429357717e-02
-7.803471134672428366e-01
-8.451551961498735555e-01
-4.465542837959963762e-01
4.827249014213064182e-01
-1.984523227846610727e-01
9.283902712718692385e-01
3.859073447637060283e-01
6.584331815188060322e-01
-5.053338198269536896e-01
6.121221407198507158e-01
8.934117894305115826e-01
-7.296507545149599760e-01
7.882256778504634909e-01
-6.522490458212411024e-01
9.673389904256677330e-01
-5.702003786476130820e-01
-8.952738196737923815e-01
-6.963208555898992014e-01
-5.654903823341328462e-02
-5.073119232420189029e-01
8.954223052904113356e-01
-4.630682119652651529e-01
-3.697610437666456473e-01
2.783825885848039139e-01
5.700352304825468952e-01
5.586828111370123473e-02
-7.902138337926061240e-01
3.710825311345093969e-01
4.965145704506701563e-01
6.130976919828567961e-01
-9.458898030448374961e-01
1.504631724270204529e-01
7.988850887762772857e-01
-1.993706980106140225e-01
9.074806721869490556e-01
-5.905831120105609067e-01
6.421857190043431807e-01
-6.159580135191489170e-02
1.183487152175881629e-01
4.678262540775106615e-01
4.010038733497640617e-01
-1.375352281851660585e-01
-1.842178630625088687e-01
3.158241790444220598e-01
5.017539574485616605e-01
5.400775244181930113e-01
-8.716584599693153468e-01
2.549645835502358793e-01
-9.241347976129608011e-01
7.797435263739800337e-01
-1.660577689562070525e-02
6.341450133182022775e-01
-7.162621194353171461e-01
2.399723125944368540e-01
-4.323049948977284451e-01
-5.399331948616536980e-01
-8.351984810809760518e-01
-3.618646792471746920e-02
7.984962338637964230e-01
-7.292643023599008067e-01
2.187745385467734227e-01
5.868628302545357833e-01
-7.630080530203098288e-01
3.102671870551787503e-01
2.280224837316522368e-01
-9.008485978913141068e-01
6.327060813428608821e-01
9.447469508319306097e-01
5.663680194321962791e-01
9.466829373252960700e-02
-6.095405045652868559e-01
8.980399398391061272e-01
8.016360256828545250e-01
3.563249359327809174e-01
-1.160277192560523751e-01
-1.461508648726801418e-01
-4.671759622738584916e-01
-5.065317939279332382e-01
2.705080181164873920e-01
4.969396248478399336e-01
6.278287149953223345e-01
5.973892137156779913e-01
1.263113299504714515e-01
-9.000396102145662436e-01
4.076786185506995341e-01
3.606149916326553129e-01
8.275939533597382880e-01
4.857324324507701352e-01
8.316460114302626216e-01
5.608110873426195297e-01
3.658710070755613053e-01
8.590074972916708074e-01
1.436655865052327563e-01
-9.484141916126838101e-01
-6.742123604201633036e-01
6.922005388669896231e-01
6.667999674770643814e-01
-9.707163702208263523e-01
6.559816488272607327e-01
5.092696093615094455e-01
3.489116636926792303e-01
5.650928214383148518e-01
-9.205574196941994636e-01
-7.287446604913623283e-01
4.733548011746855355e-01
-4.111265968366357715e-01
2.255865779527976844e-01
8.272094105719778323e-01
3.307770664478857370e-01
3.919228110297654499e-01
-2.961140000018565033e-01
-2.325379103363809374e-01
-9.960566560490318189e-01
5.997499456021144759e-01
3.753156540899762472e-01
3.072962672282437691e-01
3.579830940400392514e-01
-2.017234115492410051e-01
6.267658623925311812e-01
-5.769466756908614435e-02
5.952741114829671609e-01
7.100572737955475056e-01
-6.161592687316905792e-01
2.490810138822405762e-01
-5.622347139570302854e-01
-1.673187082760152489e-01
9.013892373922340884e-01
-5.875588686718249409e-01
-7.020297032581779284e-01
-1.287438226119419493e-01
-4.026568234542813318e-01
-6.420760875650726174e-01
-8.219358627768997838e-01
3.253310752186358012e-01
-6.742006886242268848e-04
-9.191854198501268058e-01
8.654637422723128193e-01
-9.061688941324494984e-01
-2.164522514116873353e-02
-9.745791047381870964e-01
-8.447827155246234732e-02
-7.375497093417693328e-02
-5.856697263343888515e-01
6.987741889319274424e-01
2.467247106330106021e-02
5.315574523422039732e-01
-9.673204402522099787e-01
4.196613203553642979e-01
2.909006181887929809e-01
-6.335278096030849682e-03
-9.157945065628605441e-01
-4.179590810537920920e-01
3.068544382300506523e-01
9.297940854544253231e-01
3.002830036582389006e-01
-9.227461519185793382e-01
-2.822813655315774550e-01
6.526857424963046217e-01
-6.630234471579579125e-01
-6.989671766202432135e-01
-5.811817598093718118e-01
1.704677695840506324e-02
-1.753304659594163706e-01
-4.693129570751373159e-01
2.037121007804418849e-01
-1.876638109938635335e-01
-1.439417504835083239e-01
-7.153598293465077695e-01
-1.200342823015991822e-01
-2.901723508397660023e-01
-7.838239020767112653e-01
9.719647078648636640e-01
-6.095928805390016247e-01
-2.954738188928847098e-01
2.019378122641386497e-01
9.372838947799992937e-01
-8.708694924953661598e-01
-5.057140088261515842e-01
-9.533397123688480690e-01
6.614739764280597178e-02
-3.761962170907622305e-01
-5.688750399002526770e-01
-4.608423969602859493e-01
9.722968808809480112e-01
-3.237024925789204755e-01
5.689513142774085264e-01
7.939322680990872350e-01
-6.265784072469902100e-01
9.959380104571815551e-01
7.353859553457100517e-01
2.590160995549313228e-01
-2.017203008831334188e-01
-9.258213791683822524e-01
-1.179325537814615021e-01
-3.838947108225165827e-01
-4.515770561590919385e-01
9.483767074867170965e-01
1.016178236284468461e-01
-8.823840100817097465e-01
-4.062401654135867624e-01
6.082567493873365372e-01
-5.383156282199399456e-01
-4.084282531933598470e-01
5.555322703888949665e-01
-2.644037547597122284e-02
-3.710275696719262939e-01
2.361804544733343558e-01
2.070886726706844261e-01
-7.179540602874452393e-01
-8.672110621195183722e-01
6.611386119454794041e-01
8.642389813920559050e-02
5.141244905020587730e-01
6.477527844514887612e-01
-1.055454124748615996e-01
8.827221653139207813e-01
3.246408404202707487e-01
-2.124673148415265889e-01
-9.227098306231016345e-01
-2.828619702425112514e-01
-9.136906611641633091e-01
-1.139545329237441340e-01
-9.021521367654150581e-01
-6.469955120004278193e-02
3.075105334756922382e-02
8.323288824344010628e-01
4.167717421440788605e-01
-4.262646407218140254e-02
1.478504840153913591e-01
8.107362197833065665e-01
-9.994924755272729389e-01
9.534097090128268448e-02
-8.206219961786689332e-01
-5.493039094723126681e-01
9.947947275051760574e-01
-6.686456696789979670e-01
-4.817770500521145749e-01
-7.251463134338012040e-01
2.038935701783883836e-01
7.828776820303493533e-01
6.876152574667064865e-01
7.997332979049942558e-02
3.383116690336085419e-02
6.783788211680263913e-01
8.994799941470290605e-01
-4.241497903239535017e-01
-8.799570932122393607e-01
-4.412692769903547862e-01
-3.684253560129890914e-01
1.584517094826118910e-01
-5.657311128544197931e-01
1.170484592833516135e-01
2.312285001958414021e-02
8.855457630262693058e-01
-8.286477501258910916e-01
2.524467573108257756e-01
5.178594814741728225e-01
1.266632929985007650e-01
2.993451161973250674e-01
4.973420948673481501e-01
-3.949893538643727275e-01
3.052884152914212557e-01
-7.081721892765950876e-01
-2.769220421148530509e-01
-9.855152511726283926e-02
-8.623002907582391074e-01
2.327867698099108651e-01
4.298764593715294069e-01
-2.461145908794160064e-02
-6.538194670746730885e-01
-4.988444565220189197e-01
-8.059006702806434941e-01
-4.318651518590643779e-01
9.138137485272466165e-01
6.954179539463944959e-01
-1.124232478601749907e-01
8.395132227274082481e-01
7.008615996311502450e-01
-8.183674699580527623e-01
5.927999354804567300e-01
-2.461814196245177833e-01
-5.547131021886566593e-01
5.753397421891914831e-02
6.045325480606797974e-01
8.327730814329210585e-01
-8.590698320577823122e-01
8.878240705239408559e-01
4.585533620386839093e-01
-6.608849945754449173e-01
-4.198814283323590857e-01
-4.515427007065928589e-01
8.547711380714306806e-01
2.514443373595103282e-01
-8.738153266116910345e-01
1.931098432064919379e-01
-9.589481743679282300e-01
-7.347893443602953045e-01
-3.380428965880886150e-01
1.604372611904225643e-01
6.989184497388545303e-02
8.278143727097804216e-01
-9.540302262227151608e-01
9.124722028780725136e-01
-3.401484324714654228e-02
4.165077131962895418e-01
-7.102693486059741268e-01
6.431599179394842380e-03
7.484182324427808286e-01
-6.071610693019446892e-02
-1.078984448893618442e-01
1.426632099845683843e-01
1.055732128884732113e-01
-7.725447993767426969e-01
1.804830840128290870e-01
3.456300006932042646e-01
-9.832325778658672633e-01
-8.407793073364717706e-01
-2.703353782055306631e-02
-2.796977346360554062e-01
-6.020350946610619758e-01
3.211771289222831172e-02
-6.238006526820651931e-01
-7.381918279848054265e-01
7.462480853403885561e-02
-3.872984617614689817e-01
-4.160158767860471229e-01
-1.906691427254312288e-01
-7.142151050188287886e-01
-1.762372719497529161e-02
-4.417071183417986546e-02
9.060567949424580547e-01
1.896484038436982988e-01
-6.536511308789512142e-01
-9.559790849573939209e-01
9.787630141131675732e-01
-7.039344060417906945e-02
-2.917347242977603727e-01
-6.240056254461734397e-01
-6.574551118465432609e-01
3.950071677544069182e-01
-7.264184107260323042e-01
2.991988336813133920e-01
-9.965437096662510541e-02
-3.433394848206228200e-01
-5.460182570301626015e-01
-7.471526547441962318e-01
6.085391713051038209e-01
-6.814736556360290187e-02
-4.097217400142592059e-01
-4.348775531204112088e-01
5.499519059678792399e-01
6.727211951667395606e-01
-8.403223660094829572e-01
8.407805369147536290e-02
-4.223690812547169493e-01
4.878457129821709426e-01
-3.789481272128636391e-02
-2.831892569559908424e-01
7.060463818287732174e-01
-1.342462568010998059e-01
5.147238577500938828e-01
4.155446020429378606e-01
-9.241618281795302980e-01
-7.255218152454754321e-01
-9.838321890637768963e-01
-2.843820370259404484e-01
4.318131650100049956e-01
6.429587071689095712e-01
8.769679725761265754e-01
5.578786787159550897e-02
2.133683302903610635e-01
3.878807227226157561e-01
1.966781599397016134e-01
-6.381191332053115506e-01
-6.922391862815127084e-01
8.375453250383335657e-02
4.621046761451728102e-01
2.000625256701678012e-01
5.548243350299173482e-01
2.416996810424665298e-01
9.058735404851192552e-01
-2.085858056853635567e-01
3.179327568442702479e-02
-9.352275467059456560e-01
-8.714933756944742704e-01
7.472417821303665164e-01
-5.855917809052302303e-01
1.859925180527390864e-01
-1.786936057730630356e-01
9.484097371158435319e-01
-9.169870233867558618e-01
3.265836529321852755e-01
8.341476639744731525e-01
8.531684355715891677e-01
-2.356833053046256676e-01
9.114964402761698281e-01
4.321070475878252548e-01
-3.476996249739230382e-01
9.121427937085688775e-01
-1.947724134553048270e-01
5.544699842330471640e-01
-1.102377891345698302e-01
8.149694770403257404e-01
-2.158423813459786622e-01
7.143266844243474356e-01
8.079457243038463687e-01
9.797374928482072143e-01
-2.754798459902498831e-01
8.566469851782330114e-01
2.266046588687919972e-02
-6.136404588857187203e-01
2.144423527503036553e-02
1.769075514875155797e-01
8.013234897918282140e-01
5.594633674441940041e-01
4.728130563456642843e-01
-3.166438051636544238e-02
-7.395421202388614557e-01
-1.736446502582842388e-01
2.970171403974182223e-01
7.456166632283645068e-01
-3.573872361542576037e-01
3.896245276963934412e-01
-8.488187265006901239e-01
-9.181075325745917670e-01
-3.408068365984271431e-01
-5.831827598043781702e-01
-6.577097612506790369e-01
2.014046804764415555e-01
6.173002795019184585e-01
-2.237152141979970033e-02
-2.893212561561591123e-01
6.959156711166030185e-01
8.529663430054188478e-01
9.773586858175904446e-01
1.932665428892592629e-01
7.587209067321181166e-01
