4.753796369431930735e-01
-7.265356750387157447e-01
-8.177785934848593730e-01
-7.432054618882919517e-01
5.618215740669609826e-01
4.096419635430192940e-02
-2.403461008282028466e-01
7.364899947050738138e-01
5.841558300448239649e-01
-5.981754510003440828e-01
-8.146173543252051008e-01
3.200871923340540270e-01
-9.596982302504186713e-01
5.098766230635638497e-01
-3.233495397406271898e-01
2.866276169360628678e-01
1.233259496305509906e-01
6.294764038723204003e-01
5.929889396288443582e-01
9.996541408591053113e-02
1.793797758585025104e-01
-8.467838758019665679e-01
5.980422097519675351e-01
8.250931670897450054e-01
1.238977812737678263e-01
-2.038732577013717684e-01
2.347618419899517583e-01
2.714747521725020540e-01
8.641520828728872505e-01
5.369024453652113671e-01
-4.945048822952915479e-01
-4.344975300353119962e-01
-3.753866026074794693e-01
1.979449697156776544e-01
-2.451351665864707208e-01
-1.010062634335968657e-01
5.211133969304859725e-01
5.598497397133013198e-01
-3.386821681886207358e-01
7.901320591879801292e-01
-7.969357014509181880e-02
-1.940071809680432580e-02
-4.240270097248337589e-01
6.442961412617405070e-01
-7.332166975657250507e-01
-3.552893968034462890e-01
9.256178910395813642e-01
4.176742057354196902e-01
3.922974326131893896e-01
-2.289586906019769330e-03
1.578432075773328336e-01
-7.399877700622585763e-01
9.411439933945089376e-01
-9.539233217750200389e-01
5.135397399046677247e-01
4.091753639646851237e-01
-2.938134606633380219e-01
1.128519847464495296e-01
-2.393168378503591764e-01
3.401601243954208709e-01
-8.302991779663781990e-02
-1.460250823706679135e-01
2.301962914733173271e-01
8.366456690032224586e-01
-7.949792210525030711e-01
-5.217090201787575321e-01
-3.460869271769528854e-01
2.069341890727069977e-01
3.233554420948152597e-01
5.313368869724204302e-01
5.017748809537825316e-01
5.531996102981531216e-01
2.282860904945791525e-01
-6.842688832658632148e-01
3.667644596508283783e-01
-7.534619919863769777e-01
-2.194157287690572389e-01
6.432713982337217029e-01
-2.280922432365894981e-01
-4.014967361446102334e-01
-2.954847106495328557e-01
3.043352798742329224e-01
-7.136989678309508811e-01
1.345994358356272791e-01
9.743174369819134206e-01
-8.793744739058140247e-01
-3.603922491274635931e-02
-6.434753056321411702e-01
-5.384559013145704398e-01
2.301486713746219159e-01
-5.686329057019725575e-01
7.598766593847794404e-02
-8.080703552548080815e-01
-3.213315935603007212e-01
5.708928139998876716e-01
-6.116268171905798745e-01
-2.666358729981226361e-01
2.070139007024398570e-01
4.714287808771615573e-01
9.645662078289165553e-01
1.527401167993955866e-01
9.070453889274983084e-01
6.616649738640199008e-01
-9.496346045181414119e-01
3.976613505247446057e-01
-3.095526093439411319e-01
3.828074061810249340e-01
9.851777680149720329e-01
-1.959147281450688283e-01
-3.461742498491888753e-01
8.055157840802866787e-01
1.727487564194372105e-01
-6.413934838545292116e-01
-3.281661061285494618e-01
3.086731647604445961e-01
1.708325934168692939e-01
3.333795946655173648e-01
1.071442684684726920e-01
-4.619788178839816517e-01
-7.920415886759917257e-01
-9.329238195740325867e-01
5.362810706335934263e-01
3.331681199329179499e-01
-6.945900971667338109e-01
2.962444474578942444e-01
-4.225671939830630830e-01
6.396170371082907646e-01
8.747128889540889407e-01
2.750063040943644399e-01
5.283599113205574849e-01
-6.294576506207076871e-01
-6.052124215153493747e-01
8.466551338602417154e-01
-9.378354820931027458e-01
-2.215056133817807638e-01
-6.426802110993059536e-01
6.787848289556734915e-01
8.442023453723079829e-01
4.236552814686778135e-02
3.234114392781624048e-01
4.815532462388667501e-01
1.351125348741841758e-01
4.210456650510934207e-01
-2.919745861037363888e-01
-8.121077866953370084e-01
-2.997270907463422951e-01
2.770401589002933207e-01
6.236002448573585433e-02
2.118461270506364347e-01
5.661209237411868322e-01
4.914502446163218075e-01
6.317369758200170882e-01
5.680467097986277025e-01
