-5.403265729546546936e-02
-2.976648882031440735e-02
3.258276730775833130e-02
-9.144493378698825836e-03
3.620613738894462585e-02
-5.411170050501823425e-02
5.126792937517166138e-03
3.382843732833862305e-02
3.217577189207077026e-02
9.938124567270278931e-03
1.953134126961231232e-02
1.157127693295478821e-02
2.161640301346778870e-02
-4.577500000596046448e-02
-3.310714662075042725e-02
4.548458382487297058e-02
5.087010562419891357e-02
3.691441938281059265e-02
2.444605156779289246e-02
-1.810425892472267151e-02
-8.171392977237701416e-02
3.602645592764019966e-03
-3.552180714905261993e-03
2.436269633471965790e-02
-2.366558276116847992e-02
-2.430634200572967529e-02
-4.807978495955467224e-02
8.284738287329673767e-03
-7.634199690073728561e-03
-3.742462024092674255e-02
8.253782987594604492e-03
1.121432892978191376e-02
7.362976670265197754e-02
2.647184533998370171e-03
2.366664586588740349e-03
8.892360143363475800e-03
-2.905848622322082520e-02
-7.982563227415084839e-03
-3.031370788812637329e-02
7.787935901433229446e-04
2.817236632108688354e-02
2.485479041934013367e-02
-2.872444130480289459e-02
5.443909391760826111e-02
-2.664482779800891876e-02
-1.650281250476837158e-02
3.722652420401573181e-02
-5.161173176020383835e-03
4.849093034863471985e-02
-1.670514792203903198e-02
-6.989874877035617828e-03
2.214428037405014038e-02
1.522357854992151260e-02
1.422097068279981613e-02
4.427110031247138977e-02
3.990183398127555847e-02
2.387971244752407074e-02
2.515552379190921783e-02
-5.359256640076637268e-02
-1.925592310726642609e-02
-2.519936114549636841e-02
-1.215531770139932632e-02
-5.922749638557434082e-02
-6.455190479755401611e-02
3.986846283078193665e-02
4.129994288086891174e-02
-1.861658506095409393e-02
-9.734684601426124573e-03
2.731684129685163498e-03
-3.700457885861396790e-02
-7.819968461990356445e-02
-2.512782253324985504e-02
-1.166367065161466599e-02
-4.729059338569641113e-02
3.380607068538665771e-02
3.632713481783866882e-02
1.681874692440032959e-02
-1.644880324602127075e-02
1.356151513755321503e-02
-3.840233013033866882e-02
3.438011929392814636e-02
4.363537579774856567e-02
-4.567767307162284851e-02
-5.736830085515975952e-02
2.870079688727855682e-02
4.299668129533529282e-03
-1.857678219676017761e-02
-6.054684892296791077e-02
4.004589095711708069e-02
3.487956523895263672e-02
3.218126296997070312e-02
-6.711800396442413330e-02
-1.436178572475910187e-02
4.503040108829736710e-03
-4.044484347105026245e-03
-3.207553923130035400e-02
-1.552547235041856766e-02
-6.376024335622787476e-02
-3.135680034756660461e-02
3.507630527019500732e-02
-8.012136677280068398e-04
-2.466152049601078033e-02
-4.463709890842437744e-02
-3.982130438089370728e-03
-4.696922376751899719e-02
3.260407596826553345e-02
3.413271857425570488e-03
1.706872507929801941e-02
6.402505096048116684e-03
-6.455562263727188110e-02
-1.212457474321126938e-02
5.600185319781303406e-02
-2.257740311324596405e-02
-2.605974487960338593e-02
2.268015407025814056e-02
-1.239029970020055771e-02
-8.739735186100006104e-02
-1.161843072623014450e-02
4.162607342004776001e-02
-2.804960682988166809e-02
3.681597067043185234e-03
-2.185438014566898346e-02
-1.209477521479129791e-02
2.763758972287178040e-02
-1.656099967658519745e-02
1.556887570768594742e-02
-9.080885909497737885e-03
9.768545627593994141e-03
2.234244160354137421e-02
-4.232314229011535645e-02
-2.872317656874656677e-02
-4.977459833025932312e-02
-2.738896384835243225e-02
-1.064627524465322495e-02
7.999515510164201260e-04
-2.724890038371086121e-02
-4.190374165773391724e-02
4.959066212177276611e-02
-3.872268646955490112e-02
-8.999784290790557861e-02
2.488017454743385315e-02
1.964772120118141174e-02
-2.179211936891078949e-02
8.483648300170898438e-03
-3.727199742570519447e-03
-6.802537292242050171e-02
-3.548225387930870056e-02
7.762339431792497635e-03
1.404618937522172928e-02
-4.487080499529838562e-02
4.861638695001602173e-02
3.887283802032470703e-02
3.553698211908340454e-02
-4.509061574935913086e-02
-1.513163931667804718e-02
-3.223612438887357712e-03
3.521330654621124268e-02
-3.253740072250366211e-02
2.340023033320903778e-02
4.075661767274141312e-03
-1.322107203304767609e-02
6.882371753454208374e-02
-2.902378886938095093e-02
-3.039789199829101562e-02
1.486794836819171906e-02
-1.866185292601585388e-02
-1.099775359034538269e-02
5.226480215787887573e-02
-1.359441224485635757e-02
-3.801862942054867744e-03
3.175751538947224617e-03
5.189510062336921692e-02
2.106941305100917816e-02
6.436053663492202759e-02
-6.837286800146102905e-02
-9.844130836427211761e-03
-1.629370450973510742e-02
-2.347811311483383179e-02
6.046478077769279480e-02
-3.030541911721229553e-02
3.392866998910903931e-02
-5.471634492278099060e-02
-1.736416295170783997e-02
-3.054274991154670715e-02
5.457778647541999817e-02
-2.239739056676626205e-03
-2.768120914697647095e-02
7.812242954969406128e-02
3.740423172712326050e-02
-3.405300155282020569e-02
-2.150015346705913544e-02
-3.360159322619438171e-02
3.595606610178947449e-02
2.711524069309234619e-02
-6.921466556377708912e-04
3.991848602890968323e-02
6.707567721605300903e-02
4.575737565755844116e-02
1.024855673313140869e-02
-2.525722607970237732e-02
8.676218800246715546e-03
4.960971698164939880e-02
4.744473844766616821e-02
3.582156263291835785e-03
4.108965396881103516e-02
-4.970658570528030396e-02
-3.007881343364715576e-02
5.950731225311756134e-03
5.831980705261230469e-02
-3.627859801054000854e-02
2.747698314487934113e-02
5.241910740733146667e-02
4.753465577960014343e-02
-1.776061393320560455e-02
-1.232354808598756790e-02
2.967099472880363464e-02
-1.985064335167407990e-02
-7.597124576568603516e-02
-2.166524901986122131e-02
-4.447241313755512238e-03
-3.434182703495025635e-02
2.149459347128868103e-02
-5.847511067986488342e-02
-1.877898350358009338e-02
2.521314658224582672e-02
5.667011439800262451e-02
-3.126090764999389648e-02
-3.463741391897201538e-02
-5.618179216980934143e-02
2.190064266324043274e-02
-6.131542846560478210e-02
2.136238291859626770e-02
-6.723333895206451416e-02
-1.514464709907770157e-02
1.645475439727306366e-02
-5.115157738327980042e-02
-5.220650508999824524e-02
-3.381747007369995117e-02
2.451328933238983154e-02
2.715072594583034515e-02
-1.494226325303316116e-02
-4.257178679108619690e-02
2.992100268602371216e-02
2.508593723177909851e-02
-1.468576677143573761e-02
1.048975437879562378e-02
1.692645624279975891e-02
1.137654762715101242e-02
-1.298709865659475327e-02
-5.198314413428306580e-02
-3.346299380064010620e-02
2.896027453243732452e-02
1.541531458497047424e-02
-2.995415404438972473e-02
-7.037489116191864014e-02
1.078596804291009903e-02
3.378224745392799377e-02
-3.840952739119529724e-02
-1.588657498359680176e-02
3.128967434167861938e-02
4.347392916679382324e-02
4.642077535390853882e-02
-1.530912704765796661e-02
-3.466195613145828247e-02
8.882730035111308098e-04
-1.843995973467826843e-02
-3.268575668334960938e-02
2.076497673988342285e-02
-3.576339408755302429e-02
-3.696472570300102234e-02
-7.534700445830821991e-03
6.916239112615585327e-02
-5.558412149548530579e-02
-1.540533080697059631e-02
3.040405549108982086e-02
2.611327916383743286e-02
1.320248562842607498e-02
-8.512168191373348236e-03
-1.313725113868713379e-02
3.829702362418174744e-02
3.335078060626983643e-02
-3.175119310617446899e-02
3.398470580577850342e-02
-3.222606331110000610e-02
5.606623739004135132e-02
-1.831243559718132019e-02
2.269721589982509613e-02
-3.268916532397270203e-02
4.851176217198371887e-02
-5.136517062783241272e-02
-1.938962936401367188e-02
6.036352366209030151e-03
-1.555853616446256638e-02
-5.317844916135072708e-03
-5.943029373884201050e-02
4.133430309593677521e-03
-2.120075747370719910e-02
-4.544008150696754456e-02
-4.751991108059883118e-02
-1.259039714932441711e-02
4.278915748000144958e-02
2.531079761683940887e-02
-2.658275887370109558e-02
-6.067811697721481323e-02
2.092831581830978394e-02
1.536488439887762070e-02
5.611414462327957153e-02
-1.836916990578174591e-02
-4.381392500363290310e-04
3.721402958035469055e-02
-1.685084891505539417e-03
3.788392990827560425e-02
-6.270125508308410645e-02
1.227130182087421417e-02
-2.919040806591510773e-02
4.756901413202285767e-03
7.214761339128017426e-03
7.603887468576431274e-02
-1.834206841886043549e-02
5.400911346077919006e-02
-2.686072885990142822e-02
-3.815778344869613647e-02
-3.140426054596900940e-02
-3.081238828599452972e-02
2.288280799984931946e-02
-1.429058797657489777e-02
-5.006638914346694946e-02
4.067407175898551941e-02
3.712667152285575867e-02
-3.242874518036842346e-02
-6.323746591806411743e-02
2.000506222248077393e-02
-4.352220520377159119e-02
1.346085872501134872e-02
-2.293607592582702637e-02
-4.320314899086952209e-02
-8.998033590614795685e-03
-6.834427267313003540e-02
-2.312644571065902710e-02
7.872542738914489746e-02
4.827569425106048584e-02
-1.918065361678600311e-02
-9.540850669145584106e-02
4.173408821225166321e-02
-1.051842048764228821e-02
-3.770516812801361084e-02
1.852386631071567535e-02
-3.990557044744491577e-02
-1.312063727527856827e-02
2.864227257668972015e-02
-2.176732383668422699e-02
1.354355644434690475e-02
-8.543764799833297729e-02
3.231062367558479309e-02
-1.101813651621341705e-02
-3.666754439473152161e-02
9.203354269266128540e-02
4.488484561443328857e-02
4.757871385663747787e-03
2.916411869227886200e-02
-3.411692753434181213e-02
-2.273589372634887695e-02
-5.615748837590217590e-02
-4.147850722074508667e-02
-4.679579660296440125e-02
3.064390271902084351e-02
-8.764919824898242950e-03
1.842500269412994385e-02
-4.568486660718917847e-02
-4.584545735269784927e-03
1.127872522920370102e-02
-1.019121240824460983e-02
-1.769641041755676270e-02
-3.934307768940925598e-02
5.366468057036399841e-02
4.850636795163154602e-02
-2.632947638630867004e-02
-2.541057765483856201e-02
-5.727605521678924561e-02
-5.722349509596824646e-02
6.841464783065021038e-04
2.045238763093948364e-02
-1.354608591645956039e-02
-6.210257858037948608e-02
-3.059385716915130615e-02
3.819061908870935440e-03
-5.351164843887090683e-03
-1.811264827847480774e-02
5.237758159637451172e-02
-4.509599134325981140e-02
-2.908266708254814148e-02
2.693154104053974152e-02
-1.751968823373317719e-02
-3.922519460320472717e-02
-4.692885279655456543e-02
5.680800229310989380e-02
-2.708463743329048157e-02
-2.496464876458048820e-03
-6.544782966375350952e-02
-4.174080677330493927e-03
-8.830239064991474152e-03
4.654563590884208679e-02
-5.672410130500793457e-02
3.594643995165824890e-02
-1.401473302394151688e-02
1.238854974508285522e-02
-1.668362133204936981e-02
7.532094419002532959e-02
-2.354974858462810516e-02
-1.952600851655006409e-02
3.824519366025924683e-02
2.910557575523853302e-02
5.901357531547546387e-02
2.180871553719043732e-02
-7.112832367420196533e-02
4.521967470645904541e-02
2.565059065818786621e-02
8.778195828199386597e-03
-5.510984919965267181e-03
5.254190042614936829e-02
4.455682635307312012e-02
2.789537422358989716e-02
-1.777770370244979858e-02
-1.160672958940267563e-02
-1.534464582800865173e-02
4.334420710802078247e-02
-9.673364111222326756e-04
2.463666605763137341e-04
2.206499688327312469e-02
-4.999674856662750244e-02
3.836120665073394775e-02
3.674023225903511047e-02
2.674348093569278717e-02
-5.275280773639678955e-02
-4.060678766109049320e-04
5.479003861546516418e-02
-5.820268392562866211e-02
-3.063642419874668121e-02
3.396189585328102112e-02
6.081421300768852234e-02
3.465416282415390015e-02
-2.405632100999355316e-02
-1.048649544827640057e-03
-6.687292363494634628e-03
8.330059796571731567e-02
3.707833588123321533e-02
-3.253769502043724060e-02
5.954083055257797241e-02
6.502300035208463669e-03
-4.907401278614997864e-02
-2.004390396177768707e-02
-2.258234843611717224e-02
1.493829675018787384e-02
-2.117416821420192719e-02
-5.161113291978836060e-02
-3.444504365324974060e-02
-4.083074629306793213e-02
4.610294476151466370e-03
-3.054161556065082550e-02
2.836155518889427185e-02
-1.264410559087991714e-03
3.420842438936233521e-02
-4.420785978436470032e-02
3.390583395957946777e-02
-1.871370151638984680e-02
-4.894594196230173111e-03
3.852586075663566589e-02
1.068198867142200470e-02
-3.848535567522048950e-02
1.409656461328268051e-02
-6.051409058272838593e-03
5.226789042353630066e-02
-4.358825832605361938e-02
2.975370362401008606e-02
5.139851942658424377e-02
-4.506046697497367859e-02
3.196492046117782593e-02
-4.139496386051177979e-02
-8.193031884729862213e-03
-3.930946812033653259e-02
-3.027885407209396362e-02
-3.385128825902938843e-02
-3.381704166531562805e-02
-3.945298027247190475e-03
-2.844447270035743713e-02
1.650111190974712372e-02
3.065754473209381104e-02
8.331164717674255371e-02
-2.360051870346069336e-02
1.494380179792642593e-02
-1.650023832917213440e-02
6.297530978918075562e-02
2.341097965836524963e-02
1.157018821686506271e-02
1.473788637667894363e-02
-7.653437089174985886e-03
-2.272944897413253784e-02
-3.417829424142837524e-02
-3.438796103000640869e-02
-1.909840479493141174e-02
-2.370890416204929352e-02
-1.610377989709377289e-02
4.256571084260940552e-02
-2.927590347826480865e-02
-5.214033275842666626e-02
-1.036405097693204880e-02
-3.504609689116477966e-02
-5.637460201978683472e-02
1.845811121165752411e-02
-5.724504962563514709e-02
4.774263501167297363e-02
2.046778053045272827e-02
2.287336537847295403e-04
-4.163820669054985046e-02
2.208143845200538635e-02
7.377800345420837402e-02
-4.795189481228590012e-03
1.159262470901012421e-02
-2.056504599750041962e-02
-3.878664597868919373e-02
3.092508204281330109e-02
-1.267359964549541473e-02
-1.990119554102420807e-02
-9.303818643093109131e-02
-7.232247292995452881e-02
-1.331695262342691422e-02
2.187454327940940857e-02
2.018230594694614410e-02
5.954707041382789612e-02
-2.831992506980895996e-02
8.716309443116188049e-03
4.284320026636123657e-02
-4.892563819885253906e-02
-9.733051061630249023e-03
-1.497259829193353653e-03
1.179402135312557220e-02
2.956729149445891380e-03
1.932735927402973175e-02
3.346266597509384155e-02
-2.551756799221038818e-02
-1.698070764541625977e-02
-1.439450774341821671e-02
7.026723772287368774e-02
-2.722709625959396362e-02
-3.379064612090587616e-03
5.615963786840438843e-02
-9.594679810106754303e-03
5.303791724145412445e-03
2.163460478186607361e-02
4.092648252844810486e-02
-2.437637187540531158e-02
6.835331022739410400e-02
2.739644795656204224e-02
-2.022638358175754547e-02
7.689207047224044800e-02
3.999676927924156189e-02
-4.954454675316810608e-02
8.681219816207885742e-02
3.900351375341415405e-02
-2.352930838242173195e-03
1.036402303725481033e-02
2.012076042592525482e-02
2.787104807794094086e-02
-3.413284197449684143e-02
3.328537195920944214e-02
4.222602024674415588e-02
1.343502476811408997e-02
3.035105764865875244e-02
1.894007623195648193e-02
2.745094522833824158e-02
5.218782462179660797e-03
3.637306392192840576e-02
1.343466062098741531e-02
-3.585769236087799072e-02
5.529064312577247620e-02
4.963661730289459229e-02
-1.802006922662258148e-02
4.391171038150787354e-02
1.120280940085649490e-02
5.194052681326866150e-02
5.802984163165092468e-02
-6.436173617839813232e-02
-4.022609442472457886e-02
-6.568878889083862305e-02
-1.168469991534948349e-02
1.595770381391048431e-02
6.588049698621034622e-03
3.949937224388122559e-02
1.078336220234632492e-02
-6.684120278805494308e-03
4.418139532208442688e-02
3.461508080363273621e-02
3.939623758196830750e-02
-5.339293554425239563e-02
-2.785082906484603882e-02
6.571532785892486572e-02
-2.048555575311183929e-02
-2.576295658946037292e-02
2.416812628507614136e-02
2.491453289985656738e-02
-2.756427228450775146e-02
3.659439273178577423e-03
1.266061887145042419e-02
5.340100452303886414e-02
3.228256478905677795e-03
8.263462036848068237e-02
1.426522992551326752e-02
-2.466676197946071625e-02
-2.269981428980827332e-03
1.112117245793342590e-02
9.852948039770126343e-02
-1.805589906871318817e-02
2.902233786880970001e-02
-7.600566837936639786e-03
-2.541914395987987518e-02
-1.945639029145240784e-02
-8.307842910289764404e-02
-7.100491970777511597e-02
2.653856575489044189e-02
1.577785238623619080e-02
-1.331229694187641144e-02
5.826064944267272949e-02
3.425475675612688065e-03
1.990951411426067352e-02
4.691340494900941849e-03
5.799978971481323242e-02
2.960336208343505859e-02
-4.968757741153240204e-03
-4.278084263205528259e-03
-5.210120230913162231e-02
-4.597324877977371216e-02
-1.868979446589946747e-02
-1.999318972229957581e-02
-2.901743864640593529e-03
7.177182007580995560e-03
-3.391439840197563171e-02
-1.001984346657991409e-02
9.160748682916164398e-03
2.862816862761974335e-02
-4.381976649165153503e-02
2.286368422210216522e-02
2.344422414898872375e-02
7.411160320043563843e-02
-4.565054550766944885e-02
6.527518271468579769e-04
7.568275183439254761e-02
2.722351066768169403e-02
1.470335945487022400e-02
2.376734837889671326e-02
5.186097323894500732e-02
1.002142205834388733e-03
1.490228250622749329e-02
7.201154716312885284e-03
-4.167119786143302917e-02
-1.715231686830520630e-02
-3.662311285734176636e-02
5.942844599485397339e-02
2.545100823044776917e-02
3.183094412088394165e-02
6.236406043171882629e-02
-1.202272623777389526e-02
3.742490708827972412e-02
6.012556701898574829e-02
9.348875842988491058e-03
-9.536704048514366150e-03
2.550787664949893951e-02
-4.267717152833938599e-02
3.803170472383499146e-02
-6.616090238094329834e-02
-4.225290846079587936e-03
-2.446186728775501251e-02
7.371382787823677063e-03
5.028905719518661499e-02
-3.561780229210853577e-02
-4.064751788973808289e-02
-4.576953873038291931e-02
1.920892274938523769e-03
-5.608824547380208969e-03
-4.640038684010505676e-02
-4.066230356693267822e-02
-4.385263845324516296e-02
-3.577817976474761963e-02
1.980594359338283539e-02
4.956377297639846802e-02
1.137323305010795593e-02
-5.794432386755943298e-02
-3.483802080154418945e-02
4.984763637185096741e-02
-3.564441809430718422e-03
-4.059438407421112061e-02
1.978944800794124603e-02
-7.812351919710636139e-03
2.172128297388553619e-02
-1.500817481428384781e-02
-2.929956838488578796e-02
2.033836022019386292e-02
-3.115039691329002380e-02
2.409699745476245880e-02
1.983840018510818481e-02
6.246285513043403625e-03
8.295883238315582275e-02
1.336918305605649948e-02
-5.493159871548414230e-03
-9.808536618947982788e-03
-7.115790992975234985e-02
3.089804574847221375e-02
3.606367856264114380e-02
1.580864191055297852e-02
-1.716936938464641571e-02
-2.660179138183593750e-02
-7.502786815166473389e-03
-4.612049460411071777e-02
6.280922889709472656e-02
3.385679796338081360e-02
-4.592896625399589539e-02
2.389476448297500610e-02
2.054412104189395905e-02
7.684243470430374146e-02
-3.913061693310737610e-02
3.000617772340774536e-02
-5.015869066119194031e-02
-2.284764312207698822e-03
-4.830319434404373169e-03
-2.839544601738452911e-02
-3.039814345538616180e-02
-5.244517326354980469e-02
6.040227017365396023e-04
3.273300454020500183e-02
-1.591984927654266357e-02
-2.508402429521083832e-02
5.423679947853088379e-02
-1.908997073769569397e-02
-2.119314484298229218e-02
1.323703955858945847e-02
-1.169594842940568924e-02
2.387116290628910065e-02
-4.634812101721763611e-02
1.346871722489595413e-02
5.052904598414897919e-03
6.168976426124572754e-03
4.004698246717453003e-02
-1.509744115173816681e-02
2.369133010506629944e-02
5.934505164623260498e-02
-1.200769189745187759e-02
-1.359250675886869431e-02
-3.889071941375732422e-02
2.927892375737428665e-03
-4.818042740225791931e-02
7.312960177659988403e-02
7.026808336377143860e-03
1.526288688182830811e-02
1.706082560122013092e-02
1.823221892118453979e-02
2.287670038640499115e-02
-4.111541435122489929e-02
6.213753670454025269e-02
4.284435138106346130e-02
1.260355021804571152e-02
3.272670507431030273e-02
2.071698009967803955e-02
4.148016497492790222e-02
1.760705187916755676e-02
3.969791159033775330e-02
6.838604062795639038e-02
3.654330968856811523e-02
2.120513282716274261e-02
-8.119210600852966309e-03
6.640008836984634399e-02
-3.516110032796859741e-02
-2.377624437212944031e-02
5.321266129612922668e-02
3.783290460705757141e-02
-1.080971863120794296e-02
4.123579245060682297e-03
-6.303323898464441299e-03
2.389375306665897369e-02
4.862751811742782593e-02
1.302579604089260101e-02
3.928073868155479431e-02
2.533612586557865143e-02
-2.344073355197906494e-02
-8.151712827384471893e-03
-6.620469037443399429e-03
2.389570139348506927e-02
-6.980241276323795319e-03
2.399852499365806580e-03
5.935494229197502136e-02
1.130448654294013977e-02
2.660761773586273193e-02
-4.061498492956161499e-02
1.497457735240459442e-02
-8.678949624300003052e-02
-4.487594962120056152e-02
1.382016489515081048e-04
2.784494683146476746e-02
-4.568941891193389893e-02
-7.600162643939256668e-03
5.386695265769958496e-02
1.339877583086490631e-02
2.670283801853656769e-02
-3.899396583437919617e-02
-1.550959888845682144e-02
-1.435303408652544022e-02
1.311228144913911819e-02
-3.971322998404502869e-02
6.996863335371017456e-02
5.138302221894264221e-04
1.651543192565441132e-02
1.192593947052955627e-02
2.224351512268185616e-03
-7.596214860677719116e-02
1.693273521959781647e-02
2.845549210906028748e-02
-5.560031905770301819e-02
-5.905420985072851181e-03
6.273256614804267883e-03
5.199331790208816528e-04
-5.135739594697952271e-02
3.166512027382850647e-02
5.797008518129587173e-03
9.902200661599636078e-03
7.837227545678615570e-03
-3.415848687291145325e-02
1.734544336795806885e-02
3.608635440468788147e-02
-1.392647996544837952e-02
4.713873565196990967e-02
4.448328632861375809e-03
-2.426161617040634155e-02
1.158271078020334244e-02
-3.702026978135108948e-02
4.895338416099548340e-02
2.375621348619461060e-02
-2.509013749659061432e-02
-4.453128948807716370e-02
5.455753579735755920e-02
-3.216499835252761841e-02
9.648102335631847382e-03
-6.386341899633407593e-02
-1.184579683467745781e-03
-4.777640278916805983e-04
-1.275943964719772339e-02
-3.512319643050432205e-03
1.528720371425151825e-02
-4.787495359778404236e-03
4.841294884681701660e-02
-2.116041630506515503e-02
1.050579734146595001e-02
1.917087845504283905e-02
-3.241947293281555176e-02
-3.115985170006752014e-02
-5.413385480642318726e-02
1.165459211915731430e-02
-3.486637026071548462e-02
1.991860568523406982e-02
2.563733048737049103e-02
-1.910454966127872467e-02
-9.881315752863883972e-03
-2.631946653127670288e-02
-1.383535098284482956e-02
-7.201287895441055298e-02
3.126833215355873108e-02
5.243288818746805191e-03
-6.862226873636245728e-02
-3.098108805716037750e-02
3.551376238465309143e-02
-1.970341801643371582e-02
-6.786868721246719360e-02
5.222963169217109680e-02
1.177534461021423340e-02
9.440205059945583344e-03
-3.272007778286933899e-02
-1.224685646593570709e-02
-2.778962440788745880e-02
-2.139591239392757416e-02
-2.572581544518470764e-02
2.412784611806273460e-03
5.675945430994033813e-02
7.365229539573192596e-03
3.904371336102485657e-02
1.608398929238319397e-02
-9.216007776558399200e-03
1.133488398045301437e-02
-6.670359522104263306e-03
4.831280559301376343e-02
-4.084107466042041779e-03
4.391329828649759293e-03
4.352220520377159119e-02
-1.192731360788457096e-04
5.070339422672986984e-03
3.053428791463375092e-02
6.633431464433670044e-02
6.957978010177612305e-02
-2.680731564760208130e-02
-5.769865214824676514e-02
5.554763972759246826e-02
-3.104041563346982002e-03
-2.065302059054374695e-02
6.039320677518844604e-02
-5.475613847374916077e-02
1.686591282486915588e-02
5.116258282214403152e-03
-1.891517266631126404e-02
-5.539450794458389282e-02
3.621365875005722046e-02
4.636617377400398254e-02
2.614369429647922516e-02
2.389973774552345276e-02
-1.151003595441579819e-02
1.076438836753368378e-02
-1.400649268180131912e-02
8.238643407821655273e-03
2.475155889987945557e-02
4.040164127945899963e-02
-2.542967721819877625e-02
-2.746663987636566162e-02
4.293990321457386017e-03
2.662923745810985565e-02
-3.629238903522491455e-02
-2.532476745545864105e-02
-9.374338202178478241e-03
4.812881816178560257e-03
-6.021746620535850525e-02
2.323018014430999756e-02
-8.852369152009487152e-03
-4.511751234531402588e-03
1.107469387352466583e-02
4.460398852825164795e-02
-1.375375315546989441e-02
-9.869354218244552612e-02
3.087890334427356720e-02
-8.461622893810272217e-02
3.744498267769813538e-02
-9.750418830662965775e-04
3.619874641299247742e-02
4.315660521388053894e-02
-3.127617016434669495e-02
-6.334066390991210938e-02
-5.282005295157432556e-02
9.601206518709659576e-03
1.960755093023180962e-03
4.892580956220626831e-02
1.105293352156877518e-02
2.666469477117061615e-02
4.458021372556686401e-02
-1.199416723102331161e-02
-1.509945467114448547e-02
-5.751857906579971313e-02
2.931510470807552338e-02
-2.521914057433605194e-02
-6.090533453971147537e-03
-7.370839011855423450e-04
-4.262456670403480530e-02
6.059251353144645691e-02
-9.967296384274959564e-03
7.420265674591064453e-02
-7.178181782364845276e-03
-7.101844996213912964e-02
-1.682485267519950867e-02
-7.643419504165649414e-02
-3.739447519183158875e-02
-2.373936818912625313e-03
-2.127115987241268158e-02
-6.406042724847793579e-02
2.931297011673450470e-02
4.892486333847045898e-02
2.420612238347530365e-02
-1.141264103353023529e-02
-4.200332239270210266e-02
6.709618028253316879e-03
-3.585029393434524536e-02
-1.449013501405715942e-02
4.524291306734085083e-02
3.142716735601425171e-02
-3.298317547887563705e-03
5.988911539316177368e-02
4.748127982020378113e-02
-5.155904963612556458e-02
-2.459760010242462158e-02
4.079454764723777771e-02
2.665247581899166107e-02
5.686772521585226059e-03
6.648602336645126343e-02
-3.461459279060363770e-02
-1.408452354371547699e-02
5.289785936474800110e-02
4.557905253022909164e-03
-9.074637666344642639e-03
-4.538498818874359131e-02
-2.570319548249244690e-02
-4.633429646492004395e-02
-3.381636738777160645e-02
2.255780622363090515e-02
5.481017380952835083e-02
3.563212975859642029e-02
3.502336516976356506e-02
-6.282555311918258667e-02
-6.840111315250396729e-02
8.160917460918426514e-02
-3.185288608074188232e-02
4.529698193073272705e-02
3.832740709185600281e-02
5.020410567522048950e-02
2.624418400228023529e-02
1.768146641552448273e-02
-1.703068986535072327e-02
2.322129905223846436e-02
3.395652025938034058e-02
1.990703493356704712e-02
-1.807029824703931808e-03
-5.801518261432647705e-02
2.666411362588405609e-02
-4.588483832776546478e-03
2.102309651672840118e-02
-1.380549184978008270e-02
2.189736999571323395e-02
-2.464632876217365265e-02
7.578016258776187897e-03
3.620604798197746277e-02
6.214919686317443848e-02
4.548621922731399536e-02
-2.829232253134250641e-02
3.655918687582015991e-02
