-2.596831414848566055e-03
2.140311151742935181e-02
-3.557377308607101440e-02
-1.475518476217985153e-02
-3.618571907281875610e-02
-2.842228487133979797e-02
-3.036124631762504578e-02
-2.279185317456722260e-02
8.279222995042800903e-02
4.774466902017593384e-02
-2.305920235812664032e-02
3.779232874512672424e-02
2.489800378680229187e-02
-3.888779878616333008e-02
-2.644520252943038940e-02
-6.065158918499946594e-02
1.203193143010139465e-02
-1.580991595983505249e-02
-3.035369142889976501e-02
3.121956065297126770e-02
2.729844674468040466e-02
-3.482750058174133301e-02
-2.277911640703678131e-02
1.668428070843219757e-02
-1.146094058640301228e-03
-2.381032705307006836e-02
3.681300906464457512e-03
4.617206007242202759e-02
4.899906739592552185e-02
-2.331912145018577576e-02
2.476594783365726471e-02
4.945647343993186951e-02
5.034027993679046631e-02
3.346468135714530945e-02
-3.916391357779502869e-02
3.333585709333419800e-02
5.059878900647163391e-02
-4.194082319736480713e-02
1.943627558648586273e-02
6.276917457580566406e-02
7.159932702779769897e-02
-4.905264452099800110e-02
4.296282306313514709e-02
4.086286947131156921e-02
9.149815142154693604e-02
-5.523614119738340378e-03
-7.110496982932090759e-03
-4.452636092901229858e-02
3.611729666590690613e-02
-6.994821876287460327e-02
1.297957450151443481e-02
2.420392446219921112e-02
5.680148024111986160e-03
4.767921566963195801e-02
-3.643471375107765198e-02
-5.307853966951370239e-02
4.945398867130279541e-02
-7.508974522352218628e-03
-5.648978054523468018e-02
8.758831769227981567e-02
-8.262088522315025330e-03
-2.686726162210106850e-03
-7.301022857427597046e-02
2.866800874471664429e-02
4.282374307513237000e-02
5.251312255859375000e-02
-2.618169039487838745e-02
-4.600695520639419556e-02
3.715787455439567566e-02
6.781443953514099121e-02
-1.135154906660318375e-02
5.543304979801177979e-02
-1.380444318056106567e-02
-4.903729259967803955e-02
3.763824328780174255e-02
-3.402329282835125923e-03
4.566472023725509644e-02
-3.691115975379943848e-02
-3.124310635030269623e-03
-3.875814378261566162e-02
-3.488437458872795105e-02
-8.565731346607208252e-03
2.256641909480094910e-02
-2.574509568512439728e-02
4.373655095696449280e-02
2.911649830639362335e-02
-8.866220712661743164e-03
-5.069934763014316559e-03
-4.986576735973358154e-02
3.942246362566947937e-02
-1.113296952098608017e-02
5.356869194656610489e-03
-4.155045002698898315e-02
2.172786509618163109e-03
7.056957483291625977e-02
-2.774652838706970215e-02
2.972042129840701818e-04
-2.302111126482486725e-02
6.604220718145370483e-02
-8.515136688947677612e-02
7.961384952068328857e-03
2.294840663671493530e-02
-4.682899266481399536e-02
2.204628847539424896e-02
-2.574869722593575716e-04
-4.865344613790512085e-02
-3.889814019203186035e-03
-1.220149174332618713e-02
-1.584787853062152863e-02
-5.371565371751785278e-02
-8.860617526806890965e-04
6.772122345864772797e-03
-9.576246887445449829e-02
-2.369495108723640442e-03
2.172280102968215942e-02
3.921917825937271118e-02
-4.373736679553985596e-02
2.747265435755252838e-02
2.515808120369911194e-02
-1.093722973018884659e-02
-3.772278130054473877e-02
5.871445685625076294e-02
-5.516044050455093384e-02
1.647921837866306305e-02
-3.173695504665374756e-02
2.610687911510467529e-02
-2.475614659488201141e-02
-3.492189571261405945e-02
4.982415959239006042e-02
1.384807750582695007e-02
-2.629813365638256073e-02
3.270578756928443909e-02
-2.025415934622287750e-02
1.280644070357084274e-02
-9.647345542907714844e-02
2.776084467768669128e-02
3.377253189682960510e-02
1.133011374622583389e-02
-2.749353833496570587e-02
-2.911605313420295715e-02
-7.067669928073883057e-02
-1.242367364466190338e-02
-3.996592387557029724e-02
3.419115766882896423e-02
-4.341698437929153442e-02
1.173697598278522491e-02
-7.641878724098205566e-02
2.557174302637577057e-02
2.489464171230792999e-02
-4.683792963624000549e-02
3.052979335188865662e-02
6.408581044524908066e-03
1.448851078748703003e-02
-4.541715234518051147e-02
3.915007691830396652e-03
-5.383372306823730469e-02
-2.859633229672908783e-02
5.656227469444274902e-02
-5.313984584063291550e-03
1.345099881291389465e-02
5.475034564733505249e-02
5.984869599342346191e-02
2.469070628285408020e-02
-2.190282754600048065e-02
7.502715289592742920e-02
1.430998090654611588e-02
2.323521999642252922e-03
-3.368077427148818970e-02
-4.137740284204483032e-02
-6.160964444279670715e-02
-7.143563777208328247e-02
1.665289700031280518e-02
-1.774718053638935089e-02
-5.124967917799949646e-02
2.676178142428398132e-02
-2.259495668113231659e-02
5.282964184880256653e-02
3.674732754006981850e-03
3.970221430063247681e-02
-1.917241141200065613e-02
-9.873961098492145538e-03
-1.672926172614097595e-02
-1.830948144197463989e-02
-4.898338764905929565e-02
-1.889880932867527008e-02
7.068374194204807281e-03
-1.831894554197788239e-02
9.422849863767623901e-02
2.581054158508777618e-02
6.316485255956649780e-02
-9.848644258454442024e-04
1.407631393522024155e-02
4.348288103938102722e-02
-5.742273293435573578e-03
-7.023948431015014648e-02
-7.426270749419927597e-03
9.597688913345336914e-02
6.615673191845417023e-03
1.461638696491718292e-02
2.587512321770191193e-02
-3.849334269762039185e-02
-1.049370542168617249e-01
5.593935772776603699e-02
2.504107914865016937e-02
4.181998223066329956e-02
6.631719321012496948e-02
-2.399416267871856689e-02
3.390941128600388765e-04
3.169507533311843872e-02
7.086624950170516968e-02
7.249639020301401615e-04
7.753703743219375610e-03
7.621183246374130249e-02
-6.905581802129745483e-02
7.458553882315754890e-04
1.801536604762077332e-02
1.498519070446491241e-02
2.094333991408348083e-02
-3.398077934980392456e-02
4.332344606518745422e-02
-1.878977194428443909e-02
-1.596999913454055786e-02
-8.605862036347389221e-03
2.406860515475273132e-02
4.714395478367805481e-02
5.145423859357833862e-02
-5.134577304124832153e-02
-1.156532671302556992e-02
-1.239274162799119949e-02
-9.687735699117183685e-03
1.804778352379798889e-02
2.361561730504035950e-02
-3.273582831025123596e-02
-6.700723618268966675e-02
-1.802452094852924347e-02
2.966266497969627380e-02
1.121354196220636368e-02
-5.191783234477043152e-02
1.829366548918187618e-03
-1.104702427983283997e-02
8.022356196306645870e-04
-3.861793503165245056e-02
1.425906270742416382e-02
-2.793494053184986115e-02
2.182338386774063110e-03
-4.372115433216094971e-02
-6.458164658397436142e-03
1.455257460474967957e-02
2.058107405900955200e-02
4.191229119896888733e-02
-1.745571568608283997e-02
3.632468357682228088e-02
6.318051367998123169e-03
2.320265211164951324e-02
-5.324130132794380188e-02
-6.697190459817647934e-03
2.331273630261421204e-02
5.279980599880218506e-02
-5.858057178556919098e-03
-3.181031672284007072e-03
3.755983710289001465e-02
-1.092368550598621368e-02
2.965304441750049591e-02
-2.399956434965133667e-02
-3.157598897814750671e-02
-1.144350599497556686e-02
4.100165795534849167e-03
-3.414475545287132263e-02
-2.611851505935192108e-02
2.800376678351312876e-04
2.231658250093460083e-02
1.205410622060298920e-02
-3.516240417957305908e-02
-6.544896750710904598e-04
-2.288740873336791992e-02
-5.654203519225120544e-02
1.163855008780956268e-02
1.728618331253528595e-02
2.429726161062717438e-02
7.952608913183212280e-02
2.283818647265434265e-02
-4.135851934552192688e-02
-3.723711706697940826e-04
-4.323469474911689758e-02
-1.163825206458568573e-02
-3.021308593451976776e-02
-4.200225695967674255e-02
4.579511657357215881e-02
-5.504547432065010071e-02
-7.356688380241394043e-02
3.510234504938125610e-02
-1.239446830004453659e-02
6.649861484766006470e-02
-2.476645819842815399e-02
-4.748858883976936340e-02
3.721205890178680420e-02
-3.040685877203941345e-02
-7.547785341739654541e-02
-2.708225883543491364e-02
3.602367639541625977e-02
-4.176852479577064514e-02
4.406622424721717834e-02
-5.212531611323356628e-02
-2.880100905895233154e-02
2.565550617873668671e-02
-5.035747587680816650e-02
1.329200901091098785e-02
-1.010719500482082367e-02
2.595557458698749542e-02
3.292115032672882080e-02
6.001844257116317749e-02
-3.753372654318809509e-02
-1.597514189779758453e-02
4.785514622926712036e-02
3.016495518386363983e-02
1.892936602234840393e-02
3.175138309597969055e-02
2.672272361814975739e-02
2.526951208710670471e-02
-3.302846848964691162e-02
4.123117774724960327e-02
-8.441836386919021606e-02
4.524556919932365417e-02
2.991846390068531036e-02
1.221795473247766495e-02
1.140865962952375412e-02
-1.123651023954153061e-02
-1.192067191004753113e-02
1.040220633149147034e-02
-1.121125370264053345e-02
-7.304038107395172119e-02
2.615094184875488281e-02
8.756618015468120575e-03
3.891750052571296692e-02
4.357224330306053162e-02
5.429628863930702209e-02
1.785095036029815674e-02
2.376621961593627930e-02
-1.855261251330375671e-02
-1.711224392056465149e-02
-4.999537765979766846e-02
3.218936326447874308e-04
-4.227429255843162537e-02
2.009523287415504456e-02
-4.514022171497344971e-02
-3.961746022105216980e-02
-2.369986288249492645e-02
3.495116531848907471e-02
5.088080838322639465e-02
-1.629552990198135376e-02
3.768471255898475647e-02
6.699194014072418213e-02
-6.338743120431900024e-02
4.963878542184829712e-02
-3.840591385960578918e-02
4.395308860694058239e-05
6.374935060739517212e-02
4.435449466109275818e-02
-1.013930980116128922e-02
6.132757663726806641e-02
-1.789662055671215057e-02
4.821390286087989807e-02
6.787185091525316238e-03
-1.122308801859617233e-02
8.331040292978286743e-02
-6.832684576511383057e-02
-2.462509460747241974e-02
3.572671115398406982e-02
1.959717459976673126e-02
5.479045584797859192e-02
3.534106910228729248e-02
2.621519938111305237e-02
4.380635544657707214e-02
8.631218224763870239e-03
-4.104795679450035095e-02
-1.074199099093675613e-02
2.208031341433525085e-02
-1.389720197767019272e-02
1.137443911284208298e-02
-5.871835723519325256e-02
4.837851226329803467e-02
2.327281422913074493e-02
-1.729839667677879333e-02
-2.062366902828216553e-02
-3.525568172335624695e-02
-1.088204607367515564e-02
-3.744886815547943115e-02
-5.748777836561203003e-02
-3.351207077503204346e-02
-1.177540887147188187e-02
6.286024581640958786e-03
-9.962876327335834503e-03
-1.344782765954732895e-02
-3.062102012336254120e-02
3.253601863980293274e-02
3.396342322230339050e-02
-3.422719612717628479e-02
9.179570712149143219e-03
-3.559947386384010315e-02
8.785653859376907349e-02
1.797722798073664308e-04
3.994922339916229248e-02
6.920789182186126709e-02
-3.101296350359916687e-02
1.551126874983310699e-02
-2.105344645678997040e-02
2.371265925467014313e-02
1.728173531591892242e-02
2.441741898655891418e-02
4.424912482500076294e-02
9.008228778839111328e-03
-1.995245181024074554e-02
-4.569090530276298523e-02
-5.331593751907348633e-02
-5.708820372819900513e-02
-2.701072581112384796e-02
1.341964234597980976e-04
1.551841758191585541e-02
1.227734796702861786e-02
7.746396213769912720e-02
3.254670649766921997e-02
-6.729342788457870483e-02
4.075968265533447266e-02
-4.322206974029541016e-02
-4.542607069015502930e-02
5.548180267214775085e-02
3.894967958331108093e-02
-3.808436542749404907e-02
5.846623331308364868e-02
-4.163134098052978516e-02
1.905634067952632904e-02
9.737703949213027954e-03
-5.314625799655914307e-03
-9.559907950460910797e-03
-6.185688078403472900e-02
-9.146204101853072643e-04
-1.180233657360076904e-01
-1.304805278778076172e-02
-1.359919551759958267e-02
-4.993419628590345383e-03
-4.994621127843856812e-02
3.158245980739593506e-02
5.289518833160400391e-02
7.370880484813824296e-05
6.173975020647048950e-02
1.766540296375751495e-02
-5.556577444076538086e-02
-9.650880470871925354e-03
1.264275703579187393e-02
2.369300834834575653e-02
-4.145614802837371826e-02
7.310285698622465134e-03
-1.671008951961994171e-02
7.626110687851905823e-03
-3.916709125041961670e-02
-5.468923598527908325e-02
-5.592941865324974060e-02
1.635428145527839661e-02
6.198978051543235779e-03
7.999868690967559814e-02
-1.353649795055389404e-02
-1.712519302964210510e-02
8.498849719762802124e-02
1.877064071595668793e-02
-2.315692789852619171e-02
5.344440042972564697e-02
-2.022648416459560394e-02
2.835749648511409760e-03
-2.762988908216357231e-03
-1.398582756519317627e-02
-2.202871255576610565e-02
5.984137579798698425e-02
-4.433816298842430115e-02
5.023344978690147400e-02
1.853568106889724731e-02
1.059410627931356430e-02
1.285030320286750793e-02
5.874493345618247986e-02
6.125419400632381439e-03
4.590616747736930847e-02
-4.078618809580802917e-02
5.611243844032287598e-02
-3.682524338364601135e-02
4.114961624145507812e-02
-7.026189565658569336e-02
2.199847809970378876e-02
-3.293069452047348022e-02
-1.983493939042091370e-02
1.642664661630988121e-03
-2.072182856500148773e-02
5.152511224150657654e-02
-2.939921244978904724e-02
4.665202274918556213e-02
3.170497342944145203e-02
-5.516077950596809387e-02
-4.075957089662551880e-02
-2.935372851788997650e-02
3.107649646699428558e-02
3.507681936025619507e-02
-1.077350322157144547e-02
7.410338614135980606e-03
2.031686715781688690e-02
-3.900241106748580933e-02
2.679938822984695435e-02
-3.407420590519905090e-02
4.572098609060049057e-03
-5.135277169756591320e-04
-7.702916394919157028e-03
5.595246702432632446e-02
2.036031335592269897e-02
-4.246329143643379211e-02
-2.163255587220191956e-03
-6.927115470170974731e-02
-2.127759903669357300e-02
1.614167727530002594e-02
4.113127663731575012e-02
-6.267753243446350098e-02
-3.332843258976936340e-02
3.197946399450302124e-02
2.843693271279335022e-02
4.250917956233024597e-02
2.931683510541915894e-02
4.660413041710853577e-02
-6.621530652046203613e-02
1.848961040377616882e-02
-5.077684670686721802e-02
-2.244705334305763245e-02
-7.320444565266370773e-03
3.743065148591995239e-02
1.971945539116859436e-02
1.124037709087133408e-02
-3.756822273135185242e-02
-2.870209515094757080e-02
-2.151023037731647491e-02
-3.997284546494483948e-02
1.926526986062526703e-02
9.927492588758468628e-02
-1.674124412238597870e-02
5.808572750538587570e-03
-2.282290160655975342e-02
-4.420999903231859207e-03
6.494553387165069580e-02
3.427109122276306152e-02
-2.383561804890632629e-02
-1.914844289422035217e-02
6.136516854166984558e-02
-2.300081774592399597e-02
-1.618468086235225201e-03
-2.844753675162792206e-02
-5.700720101594924927e-02
-3.366339206695556641e-02
-4.289406165480613708e-02
5.563551560044288635e-02
-1.952662831172347069e-03
-2.034175582230091095e-02
-2.780130133032798767e-03
6.522039620904251933e-05
-1.236961781978607178e-02
6.338994950056076050e-02
1.546197012066841125e-02
-2.429041825234889984e-02
-2.836651355028152466e-02
-1.192081137560307980e-03
-3.274304419755935669e-02
1.366359647363424301e-02
2.912708185613155365e-02
3.783816844224929810e-02
7.829112559556961060e-02
6.896482408046722412e-02
-2.579865790903568268e-02
3.843868523836135864e-02
3.871485963463783264e-02
4.749593324959278107e-03
-4.164836183190345764e-02
2.223621867597103119e-02
5.276833102107048035e-02
-1.280028522014617920e-01
-3.676501661539077759e-02
-5.612679570913314819e-02
4.446207731962203979e-02
2.709549106657505035e-02
1.508531067520380020e-02
4.954680800437927246e-02
1.561256591230630875e-02
4.297391697764396667e-02
4.920613020658493042e-02
-3.882216662168502808e-02
6.959831342101097107e-03
5.407416075468063354e-02
4.180137068033218384e-02
1.280352752655744553e-02
2.725820988416671753e-02
-1.670124009251594543e-02
-3.136486187577247620e-02
8.308898657560348511e-03
3.545447811484336853e-02
1.144399680197238922e-02
-4.981857165694236755e-02
-3.375310450792312622e-02
-1.328507065773010254e-02
7.194623351097106934e-02
4.512800648808479309e-02
4.689010232686996460e-02
4.905221983790397644e-02
-3.621854633092880249e-02
-1.140508800745010376e-02
-3.082048892974853516e-02
3.817727789282798767e-02
2.239869162440299988e-02
2.680703811347484589e-02
3.224614635109901428e-02
2.553014643490314484e-02
1.408075354993343353e-02
6.234069913625717163e-02
2.316839993000030518e-02
4.116785898804664612e-02
6.747920811176300049e-02
-7.262451201677322388e-02
4.708300903439521790e-02
-6.005759350955486298e-03
4.344795161159709096e-05
1.599832624197006226e-02
2.556930109858512878e-02
2.154071070253849030e-02
-9.356877207756042480e-02
3.575965017080307007e-02
-3.005292452871799469e-02
-4.956597834825515747e-02
-9.447446092963218689e-03
-6.367932260036468506e-02
-3.127538785338401794e-02
-2.979385852813720703e-02
7.059903349727392197e-03
2.839893288910388947e-02
-2.916425280272960663e-02
-5.250773206353187561e-02
-3.415008261799812317e-02
-4.595457389950752258e-02
2.098215743899345398e-02
6.857586558908224106e-03
-1.242682524025440216e-02
-3.294365480542182922e-02
5.797826498746871948e-02
-3.653123276308178902e-03
7.022466510534286499e-02
1.562162302434444427e-02
7.923109084367752075e-02
4.146629571914672852e-02
-1.711020432412624359e-02
2.395552210509777069e-02
2.096783369779586792e-02
5.130680650472640991e-02
-7.388196885585784912e-02
-5.277259647846221924e-02
1.993429847061634064e-02
1.329104416072368622e-02
2.681158110499382019e-02
4.845902696251869202e-02
2.542235702276229858e-02
-2.298498898744583130e-02
-2.103537507355213165e-02
-1.268904772587120533e-03
1.917200535535812378e-02
-1.725201308727264404e-02
9.838310070335865021e-03
-5.650912411510944366e-03
1.009484846144914627e-02
4.517361056059598923e-03
-2.175356261432170868e-02
6.183917820453643799e-02
-2.063055709004402161e-02
1.119795441627502441e-02
5.547875072807073593e-03
5.913787707686424255e-02
-4.061367735266685486e-02
-5.434338003396987915e-02
-1.528153382241725922e-02
-4.452231153845787048e-02
-3.015021607279777527e-02
4.370507597923278809e-02
4.981252830475568771e-03
-3.054764308035373688e-02
-5.532570555806159973e-02
1.105740293860435486e-02
-2.304172143340110779e-02
-1.560601592063903809e-02
5.466943979263305664e-02
2.349138446152210236e-02
-1.982563547790050507e-02
-4.721937701106071472e-02
-7.508485019207000732e-02
1.689444296061992645e-02
1.180459931492805481e-02
5.096415802836418152e-02
-6.530174612998962402e-02
2.419051900506019592e-02
-9.097661823034286499e-03
-3.743197768926620483e-02
-2.896751277148723602e-02
-6.321433931589126587e-02
-2.351827174425125122e-02
-1.579309068620204926e-02
-8.949001133441925049e-02
-1.906989514827728271e-02
-2.058133669197559357e-02
-3.663730248808860779e-02
-3.652098029851913452e-02
-2.360642515122890472e-02
-3.606747835874557495e-02
-1.536353118717670441e-02
1.179979648441076279e-03
-7.979992777109146118e-02
-1.864658296108245850e-02
-6.461804360151290894e-02
-7.327724713832139969e-03
1.761962845921516418e-02
-4.522418137639760971e-03
3.170173987746238708e-02
8.212313055992126465e-02
-2.647056477144360542e-03
3.863029554486274719e-02
-3.480904921889305115e-02
2.086730301380157471e-02
-4.583979770541191101e-02
5.858073942363262177e-03
2.656397782266139984e-02
4.142122343182563782e-03
1.033593714237213135e-02
3.490694612264633179e-02
-3.653826564550399780e-02
1.578458026051521301e-02
1.151260174810886383e-02
2.993990294635295868e-02
-7.247121538966894150e-03
3.714136034250259399e-02
1.795407757163047791e-02
2.530143223702907562e-02
2.595914993435144424e-03
2.741814590990543365e-03
-5.538586899638175964e-02
-4.495364427566528320e-02
-5.439520999789237976e-02
-3.924487158656120300e-02
-5.247453227639198303e-02
-6.731628905981779099e-03
-3.465967997908592224e-02
6.218940485268831253e-03
5.646167322993278503e-02
-2.676761150360107422e-02
2.575177885591983795e-02
-2.225853130221366882e-02
-1.714351959526538849e-02
3.412005305290222168e-02
-4.841716215014457703e-02
5.142915248870849609e-02
-4.229322075843811035e-02
4.148292541503906250e-02
-8.399742096662521362e-02
1.393856387585401535e-02
6.616190075874328613e-02
1.770146191120147705e-02
-9.247449226677417755e-03
-2.991164289414882660e-02
-1.633434556424617767e-02
-8.018490858376026154e-03
-1.624275185167789459e-02
-7.584424316883087158e-02
-1.614061999134719372e-03
-4.478466871660202742e-05
-2.619931474328041077e-02
5.434033647179603577e-02
8.881173096597194672e-03
1.147969253361225128e-02
4.531621560454368591e-02
1.409180928021669388e-03
-5.673663690686225891e-02
-8.296040818095207214e-03
4.788285121321678162e-02
5.330087617039680481e-03
6.211725994944572449e-02
5.877132061868906021e-03
-7.014430314302444458e-02
5.163751915097236633e-02
-3.136381739750504494e-03
-8.366414904594421387e-02
2.556017041206359863e-02
-9.871675819158554077e-02
6.459990143775939941e-02
3.329909220337867737e-02
-2.924368344247341156e-02
-6.468844134360551834e-03
-3.951096907258033752e-02
4.231893923133611679e-03
6.115986406803131104e-02
-9.207752533257007599e-03
-6.614431738853454590e-02
-2.654743194580078125e-02
4.655921459197998047e-02
2.131560444831848145e-02
5.316883325576782227e-02
6.534694693982601166e-03
2.422893448965623975e-04
-3.647387400269508362e-02
-4.434308409690856934e-02
-1.684408780420199037e-04
-1.461456343531608582e-02
6.141525879502296448e-02
-1.663235761225223541e-02
-3.646496310830116272e-02
9.277760051190853119e-03
4.984458163380622864e-02
-5.890862271189689636e-02
-1.300881151109933853e-02
-1.989482901990413666e-02
-7.645665854215621948e-02
8.018511533737182617e-02
-1.761557068675756454e-03
2.874577045440673828e-02
1.310991501668468118e-04
-1.508430694229900837e-03
-4.944518581032752991e-02
1.945492438971996307e-02
-4.958090186119079590e-02
-6.497944239526987076e-03
3.093713335692882538e-02
5.904600396752357483e-02
-1.545281498692929745e-03
5.802546441555023193e-02
-3.677066043019294739e-02
2.464908640831708908e-03
3.714168444275856018e-02
-9.063791483640670776e-02
-4.420088604092597961e-02
-5.062343180179595947e-02
-2.905888110399246216e-02
-5.189885571599006653e-02
-4.856404662132263184e-02
-3.103294596076011658e-02
-3.661639615893363953e-02
1.597967743873596191e-02
-4.304786026477813721e-02
-4.836251214146614075e-02
2.394578978419303894e-02
-1.501355785876512527e-03
9.335815906524658203e-03
-3.356850892305374146e-02
-8.287378586828708649e-03
2.321350574493408203e-02
5.776010453701019287e-03
2.272719703614711761e-02
1.800844259560108185e-02
-2.965635620057582855e-02
9.479781612753868103e-03
9.280205704271793365e-03
-5.807731300592422485e-02
-3.853214904665946960e-03
-1.450464408844709396e-02
4.565424472093582153e-02
6.013385578989982605e-02
-3.079201094806194305e-02
4.670399799942970276e-02
-3.466285392642021179e-02
-4.364877939224243164e-02
4.137450084090232849e-02
-1.657440513372421265e-02
-1.890072971582412720e-02
2.632189355790615082e-02
5.546013638377189636e-02
-7.228869199752807617e-02
4.176987707614898682e-02
3.733832389116287231e-02
2.052513509988784790e-02
3.857846558094024658e-02
3.561621904373168945e-02
6.796381622552871704e-02
-8.982934057712554932e-03
-5.387002974748611450e-02
-7.119536399841308594e-03
3.839693590998649597e-02
-1.620913110673427582e-02
5.397539213299751282e-02
4.590360075235366821e-02
1.158683095127344131e-02
7.963608205318450928e-02
-1.695983670651912689e-02
-1.335277780890464783e-02
3.963991627097129822e-02
-2.053596638143062592e-02
-4.846483469009399414e-03
2.773838862776756287e-02
-3.366206539794802666e-03
2.576160617172718048e-02
-3.076004050672054291e-02
1.032147556543350220e-01
5.247514322400093079e-02
-6.310847401618957520e-02
-8.236550725996494293e-03
-5.670499056577682495e-03
5.941858980804681778e-03
5.581044405698776245e-02
4.369816184043884277e-02
-2.811300568282604218e-02
-1.149796694517135620e-02
-5.346618965268135071e-02
-6.168143451213836670e-02
-4.392135143280029297e-02
-4.393396154046058655e-02
2.070499584078788757e-02
-7.088047266006469727e-02
-3.382236137986183167e-02
3.211956843733787537e-02
-6.430023163557052612e-02
4.154284670948982239e-02
-4.805210977792739868e-02
-2.334893681108951569e-03
8.274595253169536591e-03
4.164589568972587585e-02
3.906575962901115417e-02
5.247544124722480774e-02
4.366581141948699951e-02
-9.768784791231155396e-02
-5.096427351236343384e-02
-4.725716635584831238e-02
-2.829833701252937317e-02
2.908426802605390549e-03
4.455313459038734436e-02
4.673920199275016785e-02
-2.178630791604518890e-02
4.246872290968894958e-02
-2.508324384689331055e-02
3.506708145141601562e-02
4.041111096739768982e-02
-2.390087582170963287e-02
-7.944373041391372681e-02
-8.051874116063117981e-03
1.009808201342821121e-02
3.098842315375804901e-02
4.985224083065986633e-02
-7.279805839061737061e-02
3.663653973489999771e-03
1.946456730365753174e-02
-3.610818088054656982e-02
4.350105300545692444e-02
2.467228472232818604e-02
6.339824199676513672e-02
3.792008012533187866e-02
4.951417818665504456e-02
3.876816853880882263e-02
-6.398352235555648804e-02
3.048643097281455994e-02
4.687934368848800659e-02
-1.850101910531520844e-02
-7.859221659600734711e-03
-7.447092211805284023e-04
-9.572130627930164337e-03
7.363603264093399048e-02
-4.378262534737586975e-02
-2.503275685012340546e-02
2.622089721262454987e-02
2.497649984434247017e-03
8.646043017506599426e-03
-3.259314224123954773e-02
-1.633968390524387360e-02
1.564015448093414307e-02
1.687159761786460876e-02
5.883795768022537231e-02
5.152399837970733643e-02
3.478823974728584290e-02
-1.974601484835147858e-02
1.091915648430585861e-03
-3.622748702764511108e-02
1.710372604429721832e-02
3.407555446028709412e-02
4.012008663266897202e-03
4.226360842585563660e-02
4.234448075294494629e-03
-2.715416997671127319e-02
-6.848354637622833252e-02
-8.951864205300807953e-03
-2.072059363126754761e-02
-2.413595467805862427e-02
1.803346909582614899e-02
-4.642208665609359741e-02
7.125730812549591064e-02
-2.405884675681591034e-02
-6.826700177043676376e-03
1.266953535377979279e-02
-4.676588252186775208e-02
8.662993460893630981e-02
-3.064943104982376099e-02
-2.425027079880237579e-02
-2.181732095777988434e-02
-2.048607356846332550e-02
-4.872767627239227295e-02
-4.577306564897298813e-03
-2.681736089289188385e-02
-2.207219228148460388e-02
-5.355029553174972534e-02
-1.544196624308824539e-02
2.276337327202782035e-04
-1.204011775553226471e-02
-2.912467904388904572e-02
-5.550630018115043640e-02
1.243490949273109436e-01
-1.917931437492370605e-02
3.178733587265014648e-02
-1.295396592468023300e-02
5.275378003716468811e-02
-3.416894376277923584e-02
4.689359292387962341e-02
5.727099999785423279e-02
1.297100353986024857e-02
2.737332880496978760e-02
-3.474245220422744751e-02
-3.158892691135406494e-02
4.798164591193199158e-02
-2.179336966946721077e-03
-3.160883113741874695e-02
1.161039713770151138e-02
3.827422857284545898e-02
-3.146811947226524353e-02
-2.091224119067192078e-02
3.646550700068473816e-02
-4.025715962052345276e-02
